"350200570","KIELCE-SUKÓW","2014","01","01",1.9,"",-.2,"",.6,"",-.4,"",.0,"9","",0,"9",.0,"9",.0,"9",.0,"9",.0,"9",.0,"9",.0,"9",.3,"",23.8,"",.0,"9",.0,"9",.0,"9",.0,"9",.0,"9",.0,"9",.0,"9",.0,"9",4.0,"",8.7,"",0,"",0,"","Z",7,"",0,"9",0,"8"
"350200570","KIELCE-SUKÓW","2014","01","02",3.8,"",-2.9,"",.0,"",-4.6,"",.0,"","W",0,"9",.0,"9",4.7,"",.0,"9",.0,"9",.0,"9",.0,"9",1.0,"",19.5,"",3.0,"",.0,"9",.0,"9",.0,"9",.0,"9",.0,"9",.0,"9",.0,"9",.0,"9",8.0,"",0,"",0,"","Z",8,"",0,"9",0,"8"
"350200570","KIELCE-SUKÓW","2014","01","03",6.7,"",-.5,"",1.6,"",-2.7,"",.4,"","W",0,"9",.0,"9",2.2,"",2.6,"",.0,"9",.0,"9",.0,"9",6.1,"",16.9,"",.0,"9",3.6,"",.0,"9",.0,"9",.0,"9",.0,"9",.0,"9",.0,"9",.0,"9",4.9,"",0,"",0,"","Z",6,"",0,"9",0,"8"
"350200570","KIELCE-SUKÓW","2014","01","04",6.1,"",-2.6,"",2.0,"",-3.8,"",5.0,"","W",0,"9",.0,"9",2.3,"",.9,"",.0,"9",.0,"9",.0,"9",.2,"",23.8,"",.0,"9",3.8,"",.0,"9",.0,"9",.0,"9",.0,"9",.0,"9",.0,"9",8.3,"",.0,"9",0,"",0,"","Z",8,"",0,"9",0,"8"
"350200570","KIELCE-SUKÓW","2014","01","05",8.2,"",3.2,"",6.6,"",2.3,"",2.1,"","W",0,"9",.0,"9",.0,"9",7.3,"",.0,"9",.0,"9",.0,"9",4.0,"",15.7,"",.0,"9",.0,"9",.0,"9",.0,"9",.0,"9",.0,"9",.0,"9",.0,"9",.0,"9",.0,"9",0,"",0,"","R",0,"9",0,"9",0,"8"
"350200570","KIELCE-SUKÓW","2014","01","06",6.8,"",1.1,"",4.0,"",-1.1,"",.0,"9","",0,"9",.0,"9",2.4,"",3.3,"",.0,"9",.0,"9",.0,"9",5.3,"",8.2,"",.0,"9",.0,"9",.0,"9",.0,"9",.0,"9",.0,"9",.0,"9",.0,"9",1.7,"",.0,"9",0,"",0,"","R",0,"9",0,"9",0,"8"
"350200570","KIELCE-SUKÓW","2014","01","07",5.0,"",-1.0,"",1.0,"",-2.5,"",.0,"9","",0,"9",.0,"9",.6,"",.0,"9",.0,"9",.0,"9",.0,"9",12.6,"",11.4,"",4.5,"",.0,"9",.0,"9",.0,"9",.0,"9",.0,"9",.0,"9",.0,"9",.0,"9",.0,"9",0,"",0,"","Z",1,"",0,"9",0,"8"
"350200570","KIELCE-SUKÓW","2014","01","08",9.2,"",-2.4,"",3.4,"",-3.5,"",.0,"","W",0,"9",.0,"9",3.1,"",1.1,"",.0,"9",.0,"9",.0,"9",5.8,"",10.9,"",8.5,"",.3,"",.0,"9",.0,"9",.0,"9",.0,"9",.0,"9",.0,"9",2.0,"",.0,"9",0,"",0,"","Z",5,"",0,"9",0,"8"
"350200570","KIELCE-SUKÓW","2014","01","09",7.4,"",-1.5,"",3.2,"",-2.1,"",3.1,"","W",0,"9",.0,"9",1.6,"",.9,"",.0,"9",.0,"9",.0,"9",7.1,"",7.8,"",.0,"9",.0,"9",.0,"9",.0,"9",.0,"9",.0,"9",.0,"9",.0,"9",1.3,"",.0,"9",0,"",0,"","Z",1,"",0,"9",0,"8"
"350200570","KIELCE-SUKÓW","2014","01","10",7.7,"",3.1,"",5.7,"",1.1,"",.0,"","W",0,"9",.0,"9",.5,"",9.5,"",.0,"9",.0,"9",.0,"9",.0,"9",.5,"",.0,"9",.0,"9",.0,"9",.0,"9",.0,"9",.0,"9",.0,"9",.0,"9",.0,"9",.0,"9",0,"",0,"","R",0,"9",0,"9",0,"8"
"350200570","KIELCE-SUKÓW","2014","01","11",7.0,"",1.6,"",3.8,"",.4,"",.8,"","S",0,"9",.0,"9",1.7,"",.2,"",.0,"9",.0,"9",.0,"9",.0,"9",4.1,"",.0,"9",.0,"9",.0,"9",.0,"9",.0,"9",.0,"9",.0,"9",.0,"9",.0,"9",.0,"9",0,"",0,"","R",0,"9",0,"9",0,"8"
"350200570","KIELCE-SUKÓW","2014","01","12",4.9,"",1.1,"",2.4,"",.2,"",2.3,"","S",0,"9",.0,"9",.2,"",4.5,"",1.2,"",5.6,"",.3,"",.0,"9",.0,"9",.0,"9",.0,"9",.0,"9",.0,"9",.0,"9",.3,"",.0,"9",.0,"9",.0,"9",.0,"9",0,"",0,"","R",0,"9",0,"9",0,"8"
"350200570","KIELCE-SUKÓW","2014","01","13",2.3,"",-1.3,"",-.3,"",-1.6,"",.0,"9","",1,"",.0,"9",4.1,"",.0,"9",3.6,"",.0,"9",.0,"9",.0,"9",.0,"9",.0,"9",.0,"9",.0,"9",.0,"9",.0,"9",.0,"9",.0,"9",.0,"9",.0,"9",.0,"9",1,"",0,"","Z",1,"",0,"9",0,"8"
"350200570","KIELCE-SUKÓW","2014","01","14",1.7,"",-4.4,"",-.8,"",-5.0,"",8.1,"","S",1,"",.0,"9",.0,"9",11.6,"",.0,"",.1,"",.1,"",.0,"9",10.9,"",.0,"9",.0,"9",.0,"9",.0,"9",.0,"9",.0,"9",.0,"9",.0,"9",.0,"9",10.0,"",1,"",0,"","Z",8,"",0,"9",0,"8"
"350200570","KIELCE-SUKÓW","2014","01","15",3.4,"",-.4,"",1.3,"",-.6,"",.3,"","S",0,"9",.0,"9",.0,"9",11.5,"",7.8,"",.0,"9",.0,"9",4.5,"",19.5,"",.0,"9",.0,"9",.0,"9",.0,"9",.0,"9",.0,"9",.0,"9",.0,"9",.0,"9",.0,"9",0,"",0,"","R",0,"9",0,"9",0,"8"
"350200570","KIELCE-SUKÓW","2014","01","16",1.4,"",-.9,"",.0,"",-1.0,"",.0,"","S",0,"",.0,"9",.0,"9",.0,"9",5.8,"",.9,"",.0,"9",.0,"9",24.0,"",.0,"9",.0,"9",.0,"9",.0,"9",.0,"9",.0,"9",.0,"9",.0,"9",.0,"9",.0,"9",0,"",0,"","R",0,"9",0,"9",0,"8"
"350200570","KIELCE-SUKÓW","2014","01","17",5.9,"",.2,"",3.0,"",.1,"",5.3,"","W",0,"9",.0,"9",.8,"",9.3,"",.0,"9",.0,"9",.0,"9",5.8,"",14.8,"",.0,"9",.0,"9",.0,"9",.0,"9",.0,"9",.0,"9",.0,"9",.0,"9",.0,"9",.0,"9",0,"",0,"","R",0,"9",0,"9",0,"8"
"350200570","KIELCE-SUKÓW","2014","01","18",5.0,"",3.1,"",4.1,"",2.5,"",2.3,"","W",0,"9",.0,"9",.0,"9",3.6,"",.0,"9",.0,"9",.0,"9",1.3,"",16.3,"",.0,"9",.0,"9",.0,"9",.0,"9",.0,"9",.0,"9",.0,"9",.0,"9",.0,"9",.0,"9",0,"",0,"","R",0,"9",0,"9",0,"8"
"350200570","KIELCE-SUKÓW","2014","01","19",4.5,"",.4,"",.7,"",.2,"",4.2,"","W",0,"9",.0,"9",.0,"9",20.3,"",.0,"9",.0,"9",.0,"9",.0,"9",21.1,"",.0,"9",1.5,"",.0,"9",.0,"9",.0,"9",.0,"9",.0,"9",.0,"9",.0,"9",.0,"9",0,"",0,"","R",0,"9",0,"9",0,"8"
"350200570","KIELCE-SUKÓW","2014","01","20",.4,"",-1.7,"",-1.3,"",-2.7,"",7.7,"","S",0,"9",.0,"9",.0,"9",22.2,"",.0,"9",.0,"9",3.3,"",.0,"9",12.8,"",.0,"9",20.7,"",.0,"9",.0,"9",.0,"9",.0,"9",.0,"9",.0,"9",.0,"9",.0,"9",0,"",0,"","Z",1,"",0,"9",0,"8"
"350200570","KIELCE-SUKÓW","2014","01","21",-1.7,"",-5.6,"",-4.4,"",-5.1,"",.4,"","S",0,"9",.0,"9",.0,"9",14.7,"",5.2,"",2.9,"",.0,"9",.0,"9",20.8,"",.0,"9",24.0,"",.0,"9",.0,"9",.0,"9",.0,"9",.0,"9",.0,"9",.0,"9",.0,"9",0,"",0,"","Z",8,"",0,"9",0,"8"
"350200570","KIELCE-SUKÓW","2014","01","22",-5.5,"",-8.4,"",-7.8,"",-7.9,"",.1,"","S",0,"",.0,"9",.0,"9",.0,"9",20.5,"",.0,"9",.0,"9",.0,"9",24.0,"",.0,"9",24.0,"",.0,"9",.0,"9",.0,"9",.0,"9",.0,"9",.0,"9",.0,"9",.0,"9",0,"",0,"","Z",15,"",0,"9",0,"8"
"350200570","KIELCE-SUKÓW","2014","01","23",-6.4,"",-8.4,"",-7.9,"",-7.9,"",.2,"","S",1,"",.0,"9",.0,"",.0,"9",18.3,"",.0,"9",.0,"9",.0,"9",24.0,"",.0,"9",24.0,"",.0,"9",.0,"9",.0,"9",.0,"9",.0,"9",.0,"9",.0,"9",.0,"9",1,"",0,"","Z",18,"",0,"9",0,"8"
"350200570","KIELCE-SUKÓW","2014","01","24",-7.9,"",-13.4,"",-12.1,"",-13.4,"",.0,"","S",1,"",.0,"9",1.6,"",.0,"9",15.9,"",.0,"9",.0,"9",.0,"9",18.8,"",.0,"9",24.0,"",.0,"9",.0,"9",.0,"9",.0,"9",.0,"9",.0,"9",.0,"9",1.1,"",1,"",0,"","Z",22,"",0,"9",0,"8"
"350200570","KIELCE-SUKÓW","2014","01","25",-13.3,"",-17.2,"",-14.5,"",-16.9,"",4.4,"","S",1,"",.0,"9",1.1,"",.0,"9",14.5,"",.0,"9",.0,"9",.0,"9",12.7,"",.0,"9",24.0,"",.0,"9",.0,"9",.0,"9",.0,"9",.0,"9",.0,"9",.0,"9",.0,"9",1,"",0,"","Z",37,"",0,"9",0,"8"
"350200570","KIELCE-SUKÓW","2014","01","26",-9.1,"",-14.1,"",-10.5,"",-13.6,"",1.3,"","S",6,"",1.2,"",.0,"9",.0,"9",21.3,"",.0,"9",.0,"9",.0,"9",21.3,"",.0,"9",24.0,"",.0,"9",.0,"9",.0,"9",.0,"9",.0,"9",.0,"9",.0,"9",.0,"9",1,"",0,"","Z",36,"",0,"9",0,"8"
"350200570","KIELCE-SUKÓW","2014","01","27",-6.3,"",-11.0,"",-8.4,"",-11.6,"",.7,"","S",8,"",1.1,"",.6,"",.0,"9",5.6,"",.0,"9",.0,"9",.0,"9",11.5,"",.0,"9",24.0,"",.0,"9",.0,"9",.0,"9",.0,"9",.0,"9",.0,"9",.0,"9",.0,"9",1,"",0,"","Z",32,"",0,"9",0,"8"
"350200570","KIELCE-SUKÓW","2014","01","28",-7.1,"",-10.3,"",-9.0,"",-10.2,"",.6,"","S",9,"",1.1,"",.0,"9",.0,"9",20.2,"",.0,"9",.0,"9",.0,"9",10.7,"",.0,"9",24.0,"",7.1,"",.0,"9",.0,"9",.0,"9",.0,"9",.0,"9",.0,"9",.0,"9",1,"",0,"","Z",30,"",0,"9",0,"8"
"350200570","KIELCE-SUKÓW","2014","01","29",-7.9,"",-10.2,"",-9.3,"",-10.3,"",.0,"","S",11,"",1.1,"",.0,"9",.0,"9",24.0,"",.0,"9",.0,"9",.0,"9",16.7,"",.0,"9",24.0,"",21.5,"",.0,"9",.0,"9",.0,"9",.0,"9",.0,"9",.0,"9",.0,"9",1,"",0,"","Z",34,"",0,"9",0,"8"
"350200570","KIELCE-SUKÓW","2014","01","30",-9.1,"",-10.3,"",-9.9,"",-10.2,"",.0,"","S",10,"",1.0,"",.0,"9",.0,"9",15.6,"",.0,"9",.0,"9",.0,"9",5.3,"",.0,"9",24.0,"",3.2,"",.0,"9",.0,"9",.0,"9",.0,"9",.0,"9",.0,"9",.0,"9",1,"",0,"","Z",38,"",0,"9",0,"8"
"350200570","KIELCE-SUKÓW","2014","01","31",-5.4,"",-13.0,"",-9.0,"",-13.0,"",.0,"9","",7,"",.8,"",.5,"",.0,"9",5.5,"",.0,"9",.0,"9",.0,"9",.0,"9",.0,"9",24.0,"",.0,"9",.0,"9",.0,"9",.0,"9",.0,"9",.0,"9",.0,"9",.0,"9",1,"",0,"","Z",40,"",0,"9",0,"8"
"350200570","KIELCE-SUKÓW","2014","02","01",-.1,"",-9.7,"",-4.3,"",-9.8,"",.7,"","W",6,"",.8,"",1.7,"",1.5,"",.0,"9",.0,"9",.0,"9",.0,"9",.0,"9",.0,"9",24.0,"",.0,"9",.0,"9",.0,"9",.0,"9",.0,"9",.0,"9",.0,"9",.0,"9",1,"",0,"","Z",40,"",0,"9",0,"8"
"350200570","KIELCE-SUKÓW","2014","02","02",.2,"",-3.2,"",-1.5,"",-3.8,"",.7,"","W",5,"",1.8,"",.0,"9",15.0,"",.0,"9",.0,"9",.0,"9",.0,"9",5.5,"",.0,"9",24.0,"",.0,"9",.0,"9",.0,"9",.0,"9",.0,"9",.0,"9",.0,"9",.0,"9",1,"",0,"","Z",32,"",0,"9",0,"8"
"350200570","KIELCE-SUKÓW","2014","02","03",4.2,"",-9.8,"",-3.3,"",-11.1,"",.0,"9","",5,"",2.0,"",6.3,"",.0,"9",.0,"9",.0,"9",.0,"9",.0,"9",16.3,"",.0,"9",13.0,"",.0,"9",.0,"9",.0,"9",.0,"9",.0,"9",.0,"9",.0,"9",18.0,"",1,"",0,"","Z",38,"",0,"9",0,"8"
"350200570","KIELCE-SUKÓW","2014","02","04",7.3,"",-10.6,"",-1.6,"",-12.5,"",.0,"9","",4,"",.0,"9",8.6,"",.0,"9",.0,"9",.0,"9",.0,"9",.0,"9",6.9,"",.0,"9",.0,"9",.0,"9",.0,"9",.0,"9",.0,"9",.0,"9",.0,"9",.0,"9",8.0,"",1,"",0,"","Z",44,"",0,"9",0,"8"
"350200570","KIELCE-SUKÓW","2014","02","05",5.7,"",-5.1,"",-.1,"",-8.5,"",.0,"9","",4,"",.0,"9",7.8,"",.0,"9",.0,"9",.0,"9",.0,"9",.0,"9",.0,"9",.0,"9",.0,"9",.0,"9",.0,"9",.0,"9",.0,"9",.0,"9",.0,"9",.0,"9",.0,"9",1,"",0,"","",44,"",0,"9",0,"8"
"350200570","KIELCE-SUKÓW","2014","02","06",4.8,"",-4.4,"",.0,"",-7.3,"",.0,"9","",4,"",.0,"9",2.3,"",.0,"9",.0,"9",.0,"9",.0,"9",1.5,"",12.3,"",1.5,"",.0,"9",.0,"9",.0,"9",.0,"9",.0,"9",.0,"9",.0,"9",.0,"9",12.5,"",1,"",0,"","Z",42,"",0,"9",0,"8"
"350200570","KIELCE-SUKÓW","2014","02","07",5.6,"",-4.4,"",.7,"",-7.6,"",.0,"9","",4,"",.0,"9",3.2,"",.0,"9",.0,"9",.0,"9",.0,"9",.8,"",11.8,"",8.3,"",.0,"9",.0,"9",.0,"9",.0,"9",.0,"9",.0,"9",.0,"9",6.0,"",.0,"9",1,"",0,"","Z",42,"",0,"9",0,"8"
"350200570","KIELCE-SUKÓW","2014","02","08",7.9,"",-.3,"",2.6,"",-.9,"",.0,"9","",4,"",.0,"9",5.1,"",.0,"9",.0,"9",.0,"9",.0,"9",1.1,"",14.6,"",.0,"9",.0,"9",.0,"9",.0,"9",.0,"9",.0,"9",.0,"9",.0,"9",9.0,"",.0,"9",1,"",0,"","Z",29,"",0,"9",0,"8"
"350200570","KIELCE-SUKÓW","2014","02","09",8.4,"",.8,"",3.3,"",.3,"",6.6,"","S",3,"",.0,"9",4.3,"",1.5,"",.0,"9",.0,"9",.0,"9",2.0,"",17.8,"",.0,"9",.0,"9",.0,"9",.0,"9",.0,"9",.0,"9",.0,"9",.0,"9",5.5,"",.0,"9",1,"",0,"","R",0,"9",0,"9",0,"8"
"350200570","KIELCE-SUKÓW","2014","02","10",5.9,"",-.1,"",2.1,"",-1.2,"",.7,"","S",1,"",.0,"9",3.6,"",3.5,"",2.2,"",2.6,"",.3,"",.4,"",17.8,"",.0,"9",.0,"9",.0,"9",.0,"9",.0,"9",.0,"9",.0,"9",.0,"9",.0,"9",5.0,"",1,"",0,"","R",0,"9",0,"9",0,"8"
"350200570","KIELCE-SUKÓW","2014","02","11",6.0,"",-.1,"",3.6,"",-.8,"",1.5,"","W",0,"9",.0,"9",.0,"9",10.5,"",.0,"9",.0,"9",.0,"9",2.4,"",6.4,"",.0,"9",.0,"9",.0,"9",.0,"9",.0,"9",.0,"9",.0,"9",.0,"9",.0,"9",.0,"9",0,"",0,"","R",0,"9",0,"9",0,"8"
"350200570","KIELCE-SUKÓW","2014","02","12",4.5,"",-2.6,"",.5,"",-2.9,"",9.6,"","S",0,"9",.0,"9",.0,"9",7.6,"",6.9,"",.0,"9",.0,"9",2.7,"",21.3,"",.0,"9",.0,"9",.0,"9",.0,"9",.0,"9",.0,"9",.0,"9",.0,"9",.0,"9",.0,"9",0,"",0,"","Z",10,"",0,"9",0,"8"
"350200570","KIELCE-SUKÓW","2014","02","13",2.8,"",-1.7,"",.3,"",-1.2,"",.4,"","W",0,"",.0,"9",.3,"",.0,"9",.0,"9",.0,"9",.0,"9",8.3,"",15.7,"",.0,"9",.0,"9",.0,"9",.0,"9",.0,"9",.0,"9",.0,"9",.0,"9",.0,"9",4.0,"",0,"",0,"","Z",20,"",0,"9",0,"8"
"350200570","KIELCE-SUKÓW","2014","02","14",5.2,"",-1.3,"",1.5,"",-3.0,"",.0,"","W",0,"9",.0,"9",.2,"",4.0,"",.0,"9",.0,"9",.0,"9",.0,"9",13.7,"",.0,"9",5.3,"",.0,"9",.0,"9",.0,"9",.0,"9",.0,"9",.0,"9",.0,"9",5.3,"",0,"",0,"","Z",20,"",0,"9",0,"8"
"350200570","KIELCE-SUKÓW","2014","02","15",6.7,"",-2.8,"",1.3,"",-3.9,"",.0,"","W",0,"9",.0,"9",5.2,"",.0,"9",.0,"9",.0,"9",.0,"9",3.1,"",6.1,"",7.3,"",.0,"9",.0,"9",.0,"9",.0,"9",.0,"9",.0,"9",.0,"9",.0,"9",4.2,"",0,"",0,"","Z",10,"",0,"9",0,"8"
"350200570","KIELCE-SUKÓW","2014","02","16",7.7,"",-2.6,"",2.4,"",-3.5,"",.0,"9","",0,"9",.0,"9",.5,"",.1,"",.0,"9",.0,"9",.0,"9",.0,"9",16.3,"",.0,"9",2.7,"",.0,"9",.0,"9",.0,"9",.0,"9",.0,"9",.0,"9",.0,"9",5.2,"",0,"",0,"","Z",20,"",0,"9",0,"8"
"350200570","KIELCE-SUKÓW","2014","02","17",8.4,"",-1.9,"",2.4,"",-3.0,"",.0,"9","",0,"9",.0,"9",8.4,"",.0,"9",.0,"9",.0,"9",.0,"9",.0,"9",10.7,"",.2,"",.0,"9",.0,"9",.0,"9",.0,"9",.0,"9",.0,"9",.0,"9",4.0,"",10.8,"",0,"",0,"","Z",20,"",0,"9",0,"8"
"350200570","KIELCE-SUKÓW","2014","02","18",9.4,"",-5.2,"",.7,"",-5.9,"",.0,"9","",0,"9",.0,"9",6.2,"",.0,"9",.0,"9",.0,"9",.0,"9",.0,"9",16.1,"",7.5,"",.0,"9",.0,"9",.0,"9",.0,"9",.0,"9",.0,"9",.0,"9",.0,"9",6.0,"",0,"",0,"","Z",20,"",0,"9",0,"8"
"350200570","KIELCE-SUKÓW","2014","02","19",6.5,"",-1.9,"",1.3,"",-2.8,"",.6,"","W",0,"9",.0,"9",.1,"",1.8,"",.0,"9",.0,"9",.0,"9",1.9,"",22.1,"",.0,"9",.0,"9",.0,"9",.0,"9",.0,"9",.0,"9",.0,"9",.0,"9",.0,"9",9.0,"",0,"",0,"","Z",20,"",0,"9",0,"8"
"350200570","KIELCE-SUKÓW","2014","02","20",8.8,"",.5,"",3.3,"",-1.2,"",.0,"9","",0,"9",.0,"9",1.5,"",.0,"9",.0,"9",.0,"9",.0,"9",6.6,"",12.8,"",.3,"",.0,"9",.0,"9",.0,"9",.0,"9",.0,"9",.0,"9",.0,"9",3.0,"",.8,"",0,"",0,"","Z",10,"",0,"9",0,"8"
"350200570","KIELCE-SUKÓW","2014","02","21",7.9,"",-4.0,"",2.0,"",-5.1,"",.0,"9","",0,"9",.0,"9",2.5,"",.0,"9",.0,"9",.0,"9",.0,"9",5.3,"",10.1,"",7.5,"",.0,"9",.0,"9",.0,"9",.0,"9",.0,"9",.0,"9",.0,"9",3.0,"",.8,"",0,"",0,"","Z",20,"",0,"9",0,"8"
"350200570","KIELCE-SUKÓW","2014","02","22",7.3,"",-1.3,"",3.5,"",-2.9,"",.0,"9","",0,"9",.0,"9",.7,"",.0,"9",.0,"9",.0,"9",.0,"9",.0,"9",24.0,"",.0,"9",.0,"9",.0,"9",.0,"9",.0,"9",.0,"9",.0,"9",.0,"9",.0,"9",.0,"9",0,"",0,"","Z",10,"",0,"9",0,"8"
"350200570","KIELCE-SUKÓW","2014","02","23",9.7,"",-1.4,"",3.4,"",-2.9,"",.0,"9","",0,"9",.0,"9",8.7,"",.0,"9",.0,"9",.0,"9",.0,"9",3.0,"",11.2,"",.0,"9",.0,"9",.0,"9",.0,"9",.0,"9",.0,"9",.0,"9",.0,"9",2.4,"",5.0,"",0,"",0,"","Z",8,"",0,"9",0,"8"
"350200570","KIELCE-SUKÓW","2014","02","24",5.7,"",-3.5,"",1.9,"",-4.5,"",.0,"9","",0,"9",.0,"9",1.1,"",.0,"9",.0,"9",.0,"9",.0,"9",.0,"9",8.5,"",.0,"9",.0,"9",.0,"9",.0,"9",.0,"9",.0,"9",.0,"9",.0,"9",.0,"9",8.0,"",0,"",0,"","Z",7,"",0,"9",0,"8"
"350200570","KIELCE-SUKÓW","2014","02","25",6.2,"",-1.7,"",1.4,"",-2.3,"",.0,"9","",0,"9",.0,"9",9.0,"",.0,"9",.0,"9",.0,"9",.0,"9",.0,"9",.0,"9",.0,"9",.0,"9",.0,"9",.0,"9",.0,"9",.0,"9",.0,"9",.0,"9",.0,"9",11.0,"",0,"",0,"","Z",6,"",0,"9",0,"8"
"350200570","KIELCE-SUKÓW","2014","02","26",8.8,"",-4.4,"",.6,"",-4.7,"",.0,"9","",0,"9",.0,"9",5.8,"",.0,"9",.0,"9",.0,"9",.0,"9",1.3,"",16.5,"",.0,"9",.0,"9",.0,"9",.0,"9",.0,"9",.0,"9",.0,"9",.0,"9",.0,"9",13.3,"",0,"",0,"","Z",8,"",0,"9",0,"8"
"350200570","KIELCE-SUKÓW","2014","02","27",7.3,"",-3.9,"",.9,"",-4.8,"",.0,"9","",0,"9",.0,"9",2.1,"",.0,"9",.0,"9",.0,"9",.0,"9",6.3,"",14.4,"",8.8,"",.0,"9",.0,"9",.0,"9",.0,"9",.0,"9",.0,"9",.0,"9",.0,"9",6.2,"",0,"",0,"","Z",8,"",0,"9",0,"8"
"350200570","KIELCE-SUKÓW","2014","02","28",11.6,"",-4.0,"",4.0,"",-4.5,"",.4,"","W",0,"9",.0,"9",8.0,"",.6,"",.0,"9",.0,"9",.0,"9",5.9,"",5.3,"",5.8,"",.0,"9",.0,"9",.0,"9",.0,"9",.0,"9",.0,"9",.0,"9",6.4,"",.3,"",0,"",0,"","Z",7,"",0,"9",0,"8"
"350200570","KIELCE-SUKÓW","2014","03","01",11.3,"",3.0,"",5.7,"",.9,"",.0,"","W",0,"9",.0,"9",4.4,"",4.3,"",.0,"9",.0,"9",.0,"9",.0,"9",14.6,"",.0,"9",.0,"9",.0,"9",.0,"9",.0,"9",.0,"9",.0,"9",.0,"9",2.0,"",4.0,"",0,"",0,"","R",0,"9",0,"9",0,"8"
"350200570","KIELCE-SUKÓW","2014","03","02",3.8,"",-2.6,"",1.3,"",-4.2,"",.0,"9","",0,"9",.0,"9",.0,"9",.0,"9",.0,"9",.0,"9",.0,"9",7.3,"",15.8,"",5.7,"",.0,"9",.0,"9",.0,"9",.0,"9",.0,"9",.0,"9",.0,"9",.0,"9",1.8,"",0,"",0,"","Z",1,"",0,"9",0,"8"
"350200570","KIELCE-SUKÓW","2014","03","03",6.0,"",3.0,"",4.5,"",2.5,"",.0,"9","",0,"9",.0,"9",1.6,"",.0,"9",.0,"9",.0,"9",.0,"9",.0,"9",.0,"9",.0,"9",.0,"9",.0,"9",.0,"9",.0,"9",.0,"9",.0,"9",.0,"9",.0,"9",.0,"9",0,"",0,"","R",0,"9",0,"9",0,"8"
"350200570","KIELCE-SUKÓW","2014","03","04",4.9,"",3.2,"",3.7,"",2.5,"",.8,"","W",0,"9",.0,"9",.0,"9",6.3,"",.0,"9",.0,"9",.0,"9",.0,"9",18.7,"",.0,"9",.0,"9",.0,"9",.0,"9",.0,"9",.0,"9",.0,"9",.0,"9",.0,"9",.0,"9",0,"",0,"","R",0,"9",0,"9",0,"8"
"350200570","KIELCE-SUKÓW","2014","03","05",4.3,"",1.7,"",2.8,"",1.7,"",1.5,"","W",0,"9",.0,"9",.0,"9",12.3,"",.0,"9",.0,"9",.0,"9",.0,"9",21.0,"",.0,"9",.0,"9",.0,"9",.0,"9",.0,"9",.0,"9",.0,"9",.0,"9",.0,"9",.0,"9",0,"",0,"","R",0,"9",0,"9",0,"8"
"350200570","KIELCE-SUKÓW","2014","03","06",3.9,"",1.8,"",2.8,"",1.7,"",.0,"","W",0,"9",.0,"9",.0,"9",7.2,"",.0,"9",.0,"9",.0,"9",.0,"9",19.2,"",.0,"9",.0,"9",.0,"9",.0,"9",.0,"9",.0,"9",.0,"9",.0,"9",.0,"9",.0,"9",0,"",0,"","R",0,"9",0,"9",0,"8"
"350200570","KIELCE-SUKÓW","2014","03","07",5.9,"",2.1,"",3.7,"",1.8,"",.0,"9","",0,"9",.0,"9",.1,"",.0,"9",.0,"9",.0,"9",.0,"9",.0,"9",12.3,"",.0,"9",.0,"9",.0,"9",.0,"9",.0,"9",.0,"9",.0,"9",.0,"9",.0,"9",.0,"9",0,"",0,"","R",0,"9",0,"9",0,"8"
"350200570","KIELCE-SUKÓW","2014","03","08",5.9,"",2.8,"",3.9,"",2.7,"",.0,"9","",0,"9",.0,"9",.0,"9",.0,"9",.0,"9",.0,"9",.0,"9",.5,"",13.3,"",.0,"9",.0,"9",.0,"9",.0,"9",.0,"9",.0,"9",.0,"9",.0,"9",4.6,"",.0,"9",0,"",0,"","R",0,"9",0,"9",0,"8"
"350200570","KIELCE-SUKÓW","2014","03","09",11.6,"",-2.8,"",3.8,"",-4.4,"",.0,"9","",0,"9",.0,"9",8.9,"",.0,"9",.0,"9",.0,"9",.0,"9",5.7,"",7.3,"",2.2,"",.0,"9",.0,"9",.0,"9",.0,"9",.0,"9",.0,"9",.0,"9",.0,"9",5.0,"",0,"",0,"","Z",1,"",0,"9",0,"8"
"350200570","KIELCE-SUKÓW","2014","03","10",12.9,"",-2.2,"",4.5,"",-3.6,"",.0,"9","",0,"9",.0,"9",9.5,"",.0,"9",.0,"9",.0,"9",.0,"9",.0,"9",11.0,"",.0,"9",.0,"9",.0,"9",.0,"9",.0,"9",.0,"9",.0,"9",.0,"9",.0,"9",10.0,"",0,"",0,"","Z",1,"",0,"9",0,"8"
"350200570","KIELCE-SUKÓW","2014","03","11",15.5,"",-3.2,"",6.2,"",-4.5,"",.0,"9","",0,"9",.0,"9",9.7,"",.0,"9",.0,"9",.0,"9",.0,"9",.0,"9",10.3,"",.0,"9",.0,"9",.0,"9",.0,"9",.0,"9",.0,"9",.0,"9",.0,"9",.0,"9",7.0,"",0,"",0,"","Z",5,"",0,"9",0,"8"
"350200570","KIELCE-SUKÓW","2014","03","12",12.4,"",-2.4,"",4.5,"",-3.5,"",.0,"9","",0,"9",.0,"9",9.8,"",.0,"9",.0,"9",.0,"9",.0,"9",.0,"9",6.6,"",.0,"9",.0,"9",.0,"9",.0,"9",.0,"9",.0,"9",.0,"9",.0,"9",.0,"9",10.0,"",0,"",0,"","Z",1,"",0,"9",0,"8"
"350200570","KIELCE-SUKÓW","2014","03","13",15.3,"",-4.2,"",4.7,"",-5.0,"",.0,"9","",0,"9",.0,"9",9.8,"",.0,"9",.0,"9",.0,"9",.0,"9",.0,"9",11.2,"",.0,"9",.0,"9",.0,"9",.0,"9",.0,"9",.0,"9",.0,"9",.0,"9",3.0,"",9.0,"",0,"",0,"","Z",1,"",0,"9",0,"8"
"350200570","KIELCE-SUKÓW","2014","03","14",16.0,"",-3.7,"",5.2,"",-4.4,"",.0,"9","",0,"9",.0,"9",9.1,"",.0,"9",.0,"9",.0,"9",.0,"9",.0,"9",13.4,"",.0,"9",.0,"9",.0,"9",.0,"9",.0,"9",.0,"9",.0,"9",.0,"9",2.0,"",9.0,"",0,"",0,"","Z",1,"",0,"9",0,"8"
"350200570","KIELCE-SUKÓW","2014","03","15",8.2,"",-3.1,"",3.4,"",-4.1,"",9.2,"","S",0,"9",.0,"9",.8,"",5.2,"",.2,"",.2,"",.4,"",.0,"9",9.0,"",.0,"9",.0,"9",.0,"9",.0,"9",.0,"9",.6,"",.0,"9",.0,"9",.0,"9",6.0,"",0,"",0,"","R",0,"9",0,"9",0,"8"
"350200570","KIELCE-SUKÓW","2014","03","16",5.3,"",.9,"",2.8,"",.0,"",15.8,"","S",0,"",.0,"9",.0,"9",16.5,"",.7,"",3.4,"",.0,"9",.0,"9",16.7,"",.0,"9",.0,"9",.0,"9",.0,"9",.0,"9",.0,"9",.0,"9",.0,"9",.0,"9",.0,"9",0,"",0,"","R",0,"9",0,"9",0,"8"
"350200570","KIELCE-SUKÓW","2014","03","17",10.6,"",1.7,"",7.1,"",1.5,"",4.8,"","W",0,"9",.0,"9",.2,"",11.7,"",.0,"9",.3,"",.0,"9",.0,"9",3.7,"",.0,"9",.0,"9",.0,"9",.0,"9",.0,"9",.3,"",.0,"9",.0,"9",.0,"9",.0,"9",0,"",0,"","R",0,"9",0,"9",0,"8"
"350200570","KIELCE-SUKÓW","2014","03","18",11.7,"",4.9,"",7.8,"",3.5,"",8.5,"","W",0,"9",.0,"9",.6,"",3.8,"",.0,"9",.0,"9",.0,"9",.0,"9",10.9,"",.0,"9",.0,"9",.0,"9",.0,"9",.0,"9",.0,"9",.0,"9",.0,"9",.0,"9",.0,"9",0,"",0,"","R",0,"9",0,"9",0,"8"
"350200570","KIELCE-SUKÓW","2014","03","19",8.4,"",4.4,"",6.9,"",3.7,"",1.9,"","W",0,"9",.0,"9",.2,"",11.6,"",.0,"9",.0,"9",.0,"9",2.3,"",13.7,"",.0,"9",.0,"9",.0,"9",.0,"9",.0,"9",.0,"9",.0,"9",.0,"9",.0,"9",.0,"9",0,"",0,"","R",0,"9",0,"9",0,"8"
"350200570","KIELCE-SUKÓW","2014","03","20",16.5,"",6.6,"",9.7,"",5.5,"",.0,"9","",0,"9",.0,"9",9.1,"",.0,"9",.0,"9",.0,"9",.0,"9",.0,"9",8.2,"",.0,"9",.0,"9",.0,"9",.0,"9",.0,"9",.0,"9",.0,"9",.0,"9",5.0,"",1.0,"",0,"",0,"","R",0,"9",0,"9",0,"8"
"350200570","KIELCE-SUKÓW","2014","03","21",21.5,"",-.6,"",10.5,"",-2.9,"",.0,"9","",0,"9",.0,"9",8.8,"",.0,"9",.0,"9",.0,"9",.0,"9",.6,"",4.9,"",.0,"9",.0,"9",.0,"9",.0,"9",.0,"9",.0,"9",.0,"9",.0,"9",.0,"9",.9,"",0,"",0,"","R",0,"9",0,"9",0,"8"
"350200570","KIELCE-SUKÓW","2014","03","22",19.7,"",2.0,"",11.1,"",.8,"",.0,"9","",0,"9",.0,"9",8.0,"",.0,"9",.0,"9",.0,"9",.0,"9",.0,"9",.0,"9",.0,"9",.0,"9",.0,"9",.0,"9",.0,"9",.0,"9",.0,"9",.0,"9",14.0,"",.0,"9",0,"",0,"","R",0,"9",0,"9",0,"8"
"350200570","KIELCE-SUKÓW","2014","03","23",16.0,"",3.2,"",9.9,"",1.8,"",1.1,"","W",0,"9",.0,"9",4.1,"",7.5,"",.0,"9",.0,"9",.0,"9",.3,"",6.3,"",.0,"9",.0,"9",.0,"9",.0,"9",.0,"9",.0,"9",.0,"9",.0,"9",9.0,"",.0,"9",0,"",0,"","R",0,"9",0,"9",0,"8"
"350200570","KIELCE-SUKÓW","2014","03","24",11.1,"",4.9,"",6.7,"",4.7,"",13.3,"","W",0,"9",.0,"9",.0,"9",13.2,"",.0,"9",.0,"9",.0,"9",1.8,"",18.9,"",.0,"9",.0,"9",.0,"9",.0,"9",.0,"9",.0,"9",.0,"9",.0,"9",.0,"9",.0,"9",0,"",0,"","R",0,"9",0,"9",0,"8"
"350200570","KIELCE-SUKÓW","2014","03","25",6.5,"",2.7,"",3.8,"",2.4,"",.0,"","W",0,"9",.0,"9",.4,"",9.0,"",.0,"9",.0,"9",.0,"9",2.5,"",10.9,"",.0,"9",.0,"9",.0,"9",.0,"9",.0,"9",.0,"9",.0,"9",.0,"9",.0,"9",.0,"9",0,"",0,"","R",0,"9",0,"9",0,"8"
"350200570","KIELCE-SUKÓW","2014","03","26",10.6,"",-2.9,"",3.6,"",-4.1,"",.0,"9","",0,"9",.0,"9",7.2,"",.0,"9",.0,"9",.0,"9",.0,"9",2.3,"",8.2,"",6.2,"",.0,"9",.0,"9",.0,"9",.0,"9",.0,"9",.0,"9",.0,"9",4.0,"",2.0,"",0,"",0,"","Z",1,"",0,"9",0,"8"
"350200570","KIELCE-SUKÓW","2014","03","27",11.1,"",-1.9,"",4.5,"",-3.3,"",1.7,"","W",0,"9",.0,"9",6.3,"",6.0,"",.0,"9",.0,"9",.0,"9",.0,"9",18.2,"",.0,"9",.0,"9",.0,"9",.0,"9",.0,"9",.0,"9",.0,"9",.0,"9",.0,"9",7.0,"",0,"",0,"","Z",1,"",0,"9",0,"8"
"350200570","KIELCE-SUKÓW","2014","03","28",15.3,"",5.9,"",9.4,"",5.8,"",.0,"9","",0,"9",.0,"9",5.8,"",4.1,"",.0,"9",.0,"9",.0,"9",1.8,"",14.9,"",.0,"9",.0,"9",.0,"9",.0,"9",.0,"9",.0,"9",.0,"9",.0,"9",6.0,"",.0,"9",0,"",0,"","R",0,"9",0,"9",0,"8"
"350200570","KIELCE-SUKÓW","2014","03","29",14.3,"",.9,"",7.8,"",-1.9,"",.0,"9","",0,"9",.0,"9",10.9,"",.0,"9",.0,"9",.0,"9",.0,"9",.0,"9",10.0,"",.0,"9",.0,"9",.0,"9",.0,"9",.0,"9",.0,"9",.0,"9",.0,"9",12.0,"",1.0,"",0,"",0,"","R",0,"9",0,"9",0,"8"
"350200570","KIELCE-SUKÓW","2014","03","30",16.8,"",-2.7,"",6.4,"",-4.7,"",.0,"9","",0,"9",.0,"9",11.2,"",.0,"9",.0,"9",.0,"9",.0,"9",.0,"9",6.0,"",.0,"9",.0,"9",.0,"9",.0,"9",.0,"9",.0,"9",.0,"9",.0,"9",4.0,"",8.0,"",0,"",0,"","Z",1,"",0,"9",0,"8"
"350200570","KIELCE-SUKÓW","2014","03","31",17.0,"",-1.4,"",8.1,"",-2.5,"",.0,"9","",0,"9",.0,"9",7.5,"",.0,"9",.0,"9",.0,"9",.0,"9",.0,"9",7.2,"",.0,"9",.0,"9",.0,"9",.0,"9",.0,"9",.0,"9",.0,"9",.0,"9",2.0,"",6.0,"",0,"",0,"","R",0,"9",0,"9",0,"8"
"350200570","KIELCE-SUKÓW","2014","04","01",11.2,"",-1.0,"",4.6,"",-2.8,"",.0,"9","",0,"9",.0,"9",6.0,"",.0,"9",.0,"9",.0,"9",.0,"9",.0,"9",9.3,"",.0,"9",.0,"9",.0,"9",.0,"9",.0,"9",.0,"9",.0,"9",.0,"9",3.0,"",8.0,"",0,"",0,"","R",0,"9",0,"9",0,"8"
"350200570","KIELCE-SUKÓW","2014","04","02",11.1,"",-3.7,"",3.8,"",-4.9,"",.0,"9","",0,"9",.0,"9",8.1,"",.0,"9",.0,"9",.0,"9",.0,"9",.0,"9",3.2,"",.0,"9",.0,"9",.0,"9",.0,"9",.0,"9",.0,"9",.0,"9",.0,"9",.0,"9",7.0,"",0,"",0,"","R",0,"9",0,"9",0,"8"
"350200570","KIELCE-SUKÓW","2014","04","03",20.8,"",.5,"",9.2,"",-.6,"",.0,"","W",0,"9",.0,"9",6.4,"",.4,"",.0,"9",.0,"9",.0,"9",.0,"9",5.7,"",.0,"9",.0,"9",.0,"9",.0,"9",.0,"9",.0,"9",.0,"9",.4,"",8.4,"",.0,"9",0,"",0,"","R",0,"9",0,"9",0,"8"
"350200570","KIELCE-SUKÓW","2014","04","04",14.3,"",5.0,"",9.6,"",3.5,"",.0,"9","",0,"9",.0,"9",10.1,"",.5,"",.0,"9",.0,"9",.0,"9",.0,"9",5.8,"",.0,"9",.0,"9",.0,"9",.0,"9",.0,"9",.0,"9",.0,"9",.0,"9",.0,"9",.0,"9",0,"",0,"","R",0,"9",0,"9",0,"8"
"350200570","KIELCE-SUKÓW","2014","04","05",11.1,"",3.8,"",7.8,"",3.5,"",2.1,"","W",0,"9",.0,"9",.8,"",.6,"",.0,"9",.0,"9",.0,"9",.0,"9",.0,"9",.0,"9",.0,"9",.0,"9",.0,"9",.0,"9",.0,"9",.0,"9",.0,"9",.0,"9",.0,"9",0,"",0,"","R",0,"9",0,"9",0,"8"
"350200570","KIELCE-SUKÓW","2014","04","06",11.0,"",4.5,"",6.1,"",4.3,"",.1,"","W",0,"9",.0,"9",2.5,"",10.5,"",.0,"9",.0,"9",.0,"9",4.4,"",10.2,"",.0,"9",.0,"9",.0,"9",.0,"9",.0,"9",.0,"9",.0,"9",.0,"9",1.4,"",.0,"9",0,"",0,"","R",0,"9",0,"9",0,"8"
"350200570","KIELCE-SUKÓW","2014","04","07",19.2,"",-.9,"",9.3,"",-1.0,"",.0,"9","",0,"9",.0,"9",6.7,"",.0,"9",.0,"9",.0,"9",.0,"9",4.5,"",4.8,"",.0,"9",.0,"9",.0,"9",.0,"9",.0,"9",.0,"9",.0,"9",.0,"9",5.0,"",.0,"9",0,"",0,"","R",0,"9",0,"9",0,"8"
"350200570","KIELCE-SUKÓW","2014","04","08",21.7,"",3.8,"",13.6,"",2.6,"",3.0,"","W",0,"9",.0,"9",5.3,"",2.3,"",.0,"9",.0,"9",.0,"9",.0,"9",7.5,"",.0,"9",.0,"9",.0,"9",.0,"9",.0,"9",.0,"9",.0,"9",.4,"",8.0,"",.0,"9",0,"",0,"","R",0,"9",0,"9",0,"8"
"350200570","KIELCE-SUKÓW","2014","04","09",18.1,"",6.0,"",7.5,"",5.4,"",.5,"","W",0,"9",.0,"9",1.6,"",2.7,"",.0,"9",.0,"9",.0,"9",.0,"9",.0,"9",.0,"9",.0,"9",.0,"9",.0,"9",.0,"9",.0,"9",.0,"9",.0,"9",.0,"9",.0,"9",0,"",0,"","R",0,"9",0,"9",0,"8"
"350200570","KIELCE-SUKÓW","2014","04","10",8.6,"",4.2,"",5.8,"",3.8,"",3.8,"","W",0,"9",.0,"9",.8,"",8.8,"",.0,"9",.0,"9",.0,"9",.0,"9",10.5,"",.0,"9",.0,"9",.0,"9",.0,"9",.0,"9",.0,"9",.0,"9",.0,"9",5.0,"",.0,"9",0,"",0,"","R",0,"9",0,"9",0,"8"
"350200570","KIELCE-SUKÓW","2014","04","11",10.0,"",-.1,"",4.8,"",-1.7,"",.0,"9","",0,"9",.0,"9",3.4,"",.0,"9",.0,"9",.0,"9",.0,"9",2.6,"",9.8,"",.0,"9",.0,"9",.0,"9",.0,"9",.0,"9",.0,"9",.0,"9",.0,"9",4.7,"",2.0,"",0,"",0,"","R",0,"9",0,"9",0,"8"
"350200570","KIELCE-SUKÓW","2014","04","12",9.4,"",-1.1,"",4.4,"",-2.4,"",.0,"9","",0,"9",.0,"9",.0,"9",.0,"9",.0,"9",.0,"9",.0,"9",3.2,"",11.0,"",.0,"9",.0,"9",.0,"9",.0,"9",.0,"9",.0,"9",.0,"9",.0,"9",2.8,"",3.0,"",0,"",0,"","",0,"9",0,"9",0,"8"
"350200570","KIELCE-SUKÓW","2014","04","13",13.7,"",-1.1,"",6.8,"",-2.2,"",.1,"","W",0,"9",.0,"9",4.3,"",2.3,"",.0,"9",.0,"9",.0,"9",6.3,"",6.3,"",.0,"9",.0,"9",.0,"9",.0,"9",.0,"9",.0,"9",.0,"9",.0,"9",.0,"9",.0,"9",0,"",0,"","R",0,"9",0,"9",0,"8"
"350200570","KIELCE-SUKÓW","2014","04","14",11.6,"",3.9,"",6.1,"",3.0,"",6.1,"","W",0,"9",.0,"9",.9,"",8.0,"",.0,"9",.0,"9",.0,"9",1.4,"",6.8,"",.0,"9",.0,"9",.0,"9",.0,"9",.0,"9",.0,"9",.0,"9",.8,"",.0,"9",.0,"9",0,"",0,"","R",0,"9",0,"9",0,"8"
"350200570","KIELCE-SUKÓW","2014","04","15",6.9,"",3.1,"",4.7,"",2.6,"",3.5,"","W",0,"9",.0,"9",.3,"",8.8,"",.0,"9",.0,"9",.0,"9",.0,"9",2.8,"",.0,"9",.0,"9",.0,"9",.0,"9",.0,"9",.0,"9",.0,"9",.0,"9",.0,"9",.0,"9",0,"",0,"","R",0,"9",0,"9",0,"8"
"350200570","KIELCE-SUKÓW","2014","04","16",8.2,"",1.6,"",4.6,"",.2,"",.0,"","W",0,"9",.0,"9",2.8,"",.3,"",.0,"9",.0,"9",.0,"9",.0,"9",.6,"",.0,"9",.0,"9",.0,"9",.0,"9",.0,"9",.0,"9",.0,"9",.0,"9",4.0,"",.0,"9",0,"",0,"","R",0,"9",0,"9",0,"8"
"350200570","KIELCE-SUKÓW","2014","04","17",12.9,"",.1,"",6.7,"",-1.4,"",.0,"9","",0,"9",.0,"9",12.3,"",.0,"9",.0,"9",.0,"9",.0,"9",.0,"9",3.8,"",.0,"9",.0,"9",.0,"9",.0,"9",.0,"9",.0,"9",.0,"9",.0,"9",6.0,"",2.0,"",0,"",0,"","R",0,"9",0,"9",0,"8"
"350200570","KIELCE-SUKÓW","2014","04","18",18.4,"",.5,"",10.7,"",-.3,"",.0,"","W",0,"9",.0,"9",9.5,"",.5,"",.0,"9",.0,"9",.0,"9",.0,"9",5.8,"",.0,"9",.0,"9",.0,"9",.0,"9",.0,"9",.0,"9",.0,"9",.0,"9",7.0,"",.0,"9",0,"",1,"","R",0,"9",0,"9",0,"8"
"350200570","KIELCE-SUKÓW","2014","04","19",20.1,"",9.2,"",13.4,"",6.0,"",.7,"","W",0,"9",.0,"9",6.1,"",5.7,"",.0,"9",.0,"9",.0,"9",.0,"9",.0,"9",.0,"9",.0,"9",.0,"9",.0,"9",.0,"9",.0,"9",.0,"9",.0,"9",4.0,"",.0,"9",0,"",0,"","R",0,"9",0,"9",0,"8"
"350200570","KIELCE-SUKÓW","2014","04","20",15.8,"",6.8,"",11.1,"",5.5,"",.3,"","W",0,"9",.0,"9",4.9,"",.5,"",.0,"9",.0,"9",.0,"9",.0,"9",3.8,"",.0,"9",.0,"9",.0,"9",.0,"9",.0,"9",.0,"9",.0,"9",.0,"9",4.0,"",.0,"9",0,"",0,"","R",0,"9",0,"9",0,"8"
"350200570","KIELCE-SUKÓW","2014","04","21",19.3,"",4.1,"",12.2,"",2.2,"",.0,"9","",0,"9",.0,"9",12.7,"",.0,"9",.0,"9",.0,"9",.0,"9",1.0,"",1.6,"",.0,"9",.0,"9",.0,"9",.0,"9",.0,"9",.0,"9",.0,"9",.0,"9",7.7,"",.0,"9",0,"",0,"","R",0,"9",0,"9",0,"8"
"350200570","KIELCE-SUKÓW","2014","04","22",22.0,"",5.4,"",14.6,"",4.6,"",.6,"","W",0,"9",.0,"9",8.8,"",1.0,"",.0,"9",.0,"9",.0,"9",.0,"9",.0,"9",.0,"9",.0,"9",.0,"9",.0,"9",.0,"9",.0,"9",.0,"9",1.3,"",10.0,"",.0,"9",0,"",0,"","R",0,"9",0,"9",0,"8"
"350200570","KIELCE-SUKÓW","2014","04","23",20.5,"",8.1,"",14.9,"",6.8,"",.8,"","W",0,"9",.0,"9",5.0,"",.5,"",.0,"9",.0,"9",.0,"9",.4,"",3.6,"",.0,"9",.0,"9",.0,"9",.0,"9",.0,"9",.0,"9",.0,"9",4.3,"",5.1,"",.0,"9",0,"",0,"","R",0,"9",0,"9",0,"8"
"350200570","KIELCE-SUKÓW","2014","04","24",20.4,"",8.9,"",15.7,"",6.9,"",.0,"9","",0,"9",.0,"9",5.1,"",.0,"9",.0,"9",.0,"9",.0,"9",.0,"9",.0,"9",.0,"9",.0,"9",.0,"9",.0,"9",.0,"9",.0,"9",.0,"9",.0,"9",7.0,"",.0,"9",0,"",0,"","R",0,"9",0,"9",0,"8"
"350200570","KIELCE-SUKÓW","2014","04","25",17.5,"",11.6,"",14.7,"",11.5,"",10.9,"","W",0,"9",.0,"9",.8,"",2.2,"",.0,"9",.0,"9",.0,"9",.0,"9",1.2,"",.0,"9",.0,"9",.0,"9",.0,"9",.0,"9",.0,"9",.0,"9",.0,"9",.0,"9",.0,"9",0,"",0,"","R",0,"9",0,"9",0,"8"
"350200570","KIELCE-SUKÓW","2014","04","26",15.3,"",11.8,"",13.0,"",11.6,"",1.9,"","W",0,"9",.0,"9",.0,"9",14.6,"",.0,"9",.0,"9",.0,"9",.0,"9",15.8,"",.0,"9",.0,"9",.0,"9",.0,"9",.0,"9",.0,"9",.0,"9",.0,"9",.0,"9",.0,"9",0,"",0,"","R",0,"9",0,"9",0,"8"
"350200570","KIELCE-SUKÓW","2014","04","27",19.5,"",9.6,"",13.9,"",9.1,"",.6,"","W",0,"9",.0,"9",3.5,"",1.2,"",.0,"9",.0,"9",.0,"9",3.7,"",2.6,"",.0,"9",.0,"9",.0,"9",.0,"9",.0,"9",.0,"9",.0,"9",1.9,"",.0,"9",.0,"9",0,"",0,"","R",0,"9",0,"9",0,"8"
"350200570","KIELCE-SUKÓW","2014","04","28",17.6,"",9.1,"",13.0,"",8.4,"",.5,"","W",0,"9",.0,"9",2.7,"",3.2,"",.0,"9",.0,"9",.0,"9",.8,"",10.2,"",.0,"9",.0,"9",.0,"9",.0,"9",.0,"9",.0,"9",.0,"9",3.5,"",4.0,"",.0,"9",0,"",0,"","R",0,"9",0,"9",0,"8"
"350200570","KIELCE-SUKÓW","2014","04","29",20.7,"",9.0,"",14.4,"",6.5,"",.0,"9","",0,"9",.0,"9",10.5,"",.0,"9",.0,"9",.0,"9",.0,"9",2.5,"",5.5,"",.0,"9",.0,"9",.0,"9",.0,"9",.0,"9",.0,"9",.0,"9",.0,"9",7.8,"",.0,"9",0,"",0,"","R",0,"9",0,"9",0,"8"
"350200570","KIELCE-SUKÓW","2014","04","30",20.8,"",5.7,"",13.5,"",4.9,"",.0,"9","",0,"9",.0,"9",10.6,"",.0,"9",.0,"9",.0,"9",.0,"9",.0,"9",4.8,"",.0,"9",.0,"9",.0,"9",.0,"9",.0,"9",.0,"9",.0,"9",1.1,"",13.0,"",.0,"9",0,"",0,"","R",0,"9",0,"9",0,"8"
"350200570","KIELCE-SUKÓW","2014","05","01",20.6,"",5.3,"",13.9,"",4.9,"",.3,"","W",0,"9",.0,"9",10.4,"",.4,"",.0,"9",.0,"9",.0,"9",.0,"9",3.3,"",.0,"9",.0,"9",.0,"9",.0,"9",.0,"9",.0,"9",.0,"9",.0,"9",8.0,"",.0,"9",0,"",0,"","R",0,"9",0,"9",0,"8"
"350200570","KIELCE-SUKÓW","2014","05","02",15.8,"",6.5,"",9.9,"",6.8,"",.0,"","W",0,"9",.0,"9",5.2,"",2.9,"",.0,"9",.0,"9",.0,"9",.0,"9",3.3,"",.0,"9",.0,"9",.0,"9",.0,"9",.0,"9",.0,"9",.0,"9",.0,"9",.0,"9",.0,"9",0,"",0,"","R",0,"9",0,"9",0,"8"
"350200570","KIELCE-SUKÓW","2014","05","03",9.4,"",4.1,"",5.9,"",4.3,"",.0,"","W",0,"9",.0,"9",.1,"",11.8,"",.0,"9",.0,"9",.0,"9",.0,"9",.0,"9",.0,"9",.0,"9",.0,"9",.0,"9",.0,"9",.0,"9",.0,"9",.0,"9",.0,"9",.0,"9",0,"",0,"","R",0,"9",0,"9",0,"8"
"350200570","KIELCE-SUKÓW","2014","05","04",13.3,"",2.5,"",8.0,"",2.1,"",.0,"9","",0,"9",.0,"9",12.1,"",.0,"9",.0,"9",.0,"9",.0,"9",.0,"9",1.3,"",.0,"9",.0,"9",.0,"9",.0,"9",.0,"9",.0,"9",.0,"9",.0,"9",2.0,"",.0,"9",0,"",0,"","R",0,"9",0,"9",0,"8"
"350200570","KIELCE-SUKÓW","2014","05","05",11.7,"",.7,"",6.6,"",.5,"",.0,"9","",0,"9",.0,"9",11.0,"",.0,"9",.0,"9",.0,"9",.0,"9",.0,"9",.0,"9",.0,"9",.0,"9",.0,"9",.0,"9",.0,"9",.0,"9",.0,"9",.0,"9",11.0,"",.0,"9",0,"",0,"","R",0,"9",0,"9",0,"8"
"350200570","KIELCE-SUKÓW","2014","05","06",16.8,"",-1.7,"",9.3,"",-2.4,"",.0,"9","",0,"9",.0,"9",12.3,"",.0,"9",.0,"9",.0,"9",.0,"9",.0,"9",.0,"9",.0,"9",.0,"9",.0,"9",.0,"9",.0,"9",.0,"9",.0,"9",.0,"9",2.0,"",4.0,"",0,"",0,"","R",0,"9",0,"9",0,"8"
"350200570","KIELCE-SUKÓW","2014","05","07",21.0,"",6.8,"",13.2,"",5.7,"",4.0,"","W",0,"9",.0,"9",1.5,"",4.1,"",.0,"9",.0,"9",.0,"9",.0,"9",6.8,"",.0,"9",.0,"9",.0,"9",.0,"9",.0,"9",.0,"9",.0,"9",.9,"",6.0,"",.0,"9",0,"",0,"","R",0,"9",0,"9",0,"8"
"350200570","KIELCE-SUKÓW","2014","05","08",19.0,"",11.2,"",13.3,"",10.8,"",.1,"","W",0,"9",.0,"9",6.4,"",6.5,"",.0,"9",.0,"9",.0,"9",.4,"",10.2,"",.0,"9",.0,"9",.0,"9",.0,"9",.0,"9",.0,"9",.0,"9",.0,"9",4.6,"",.0,"9",0,"",0,"","R",0,"9",0,"9",0,"8"
"350200570","KIELCE-SUKÓW","2014","05","09",21.3,"",5.2,"",13.8,"",3.5,"",.0,"9","",0,"9",.0,"9",9.5,"",.0,"9",.0,"9",.0,"9",.0,"9",3.3,"",2.0,"",.0,"9",.0,"9",.0,"9",.0,"9",.0,"9",.0,"9",.0,"9",.0,"9",5.0,"",.0,"9",0,"",0,"","R",0,"9",0,"9",0,"8"
"350200570","KIELCE-SUKÓW","2014","05","10",16.4,"",7.2,"",11.2,"",5.9,"",.7,"","W",0,"9",.0,"9",9.6,"",1.7,"",.0,"9",.0,"9",.0,"9",.0,"9",5.7,"",.0,"9",.0,"9",.0,"9",.0,"9",.0,"9",.0,"9",.0,"9",.0,"9",11.3,"",.0,"9",0,"",0,"","R",0,"9",0,"9",0,"8"
"350200570","KIELCE-SUKÓW","2014","05","11",18.6,"",5.9,"",12.7,"",5.1,"",1.3,"","W",0,"9",.0,"9",1.9,"",11.3,"",.0,"9",.0,"9",.0,"9",.0,"9",.0,"9",.0,"9",.0,"9",.0,"9",.0,"9",.0,"9",.0,"9",.0,"9",.0,"9",.5,"",.0,"9",0,"",0,"","R",0,"9",0,"9",0,"8"
"350200570","KIELCE-SUKÓW","2014","05","12",15.3,"",8.1,"",10.3,"",7.9,"",.0,"","W",0,"9",.0,"9",5.9,"",2.8,"",.0,"9",.0,"9",.0,"9",.0,"9",2.0,"",.0,"9",.0,"9",.0,"9",.0,"9",.0,"9",.0,"9",.0,"9",.0,"9",3.8,"",.0,"9",0,"",1,"","R",0,"9",0,"9",0,"8"
"350200570","KIELCE-SUKÓW","2014","05","13",17.2,"",3.8,"",10.8,"",2.2,"",.8,"","W",0,"9",.0,"9",11.7,"",2.0,"",.0,"9",.0,"9",.0,"9",.0,"9",.0,"9",.0,"9",.0,"9",.0,"9",.0,"9",.0,"9",.0,"9",.0,"9",1.1,"",3.8,"",.0,"9",0,"",0,"","R",0,"9",0,"9",0,"8"
"350200570","KIELCE-SUKÓW","2014","05","14",14.0,"",6.6,"",10.6,"",6.3,"",8.4,"","W",0,"9",.0,"9",.3,"",14.9,"",.0,"9",.0,"9",.0,"9",.0,"9",4.1,"",.0,"9",.0,"9",.0,"9",.0,"9",.0,"9",.0,"9",.0,"9",.0,"9",.0,"9",.0,"9",0,"",0,"","R",0,"9",0,"9",0,"8"
"350200570","KIELCE-SUKÓW","2014","05","15",14.4,"",9.1,"",11.4,"",8.6,"",22.2,"","W",0,"9",.0,"9",.5,"",13.5,"",.0,"9",.0,"9",.0,"9",.0,"9",.0,"9",.0,"9",.0,"9",.0,"9",.0,"9",.0,"9",.0,"9",.0,"9",.0,"9",.0,"9",.0,"9",0,"",0,"","R",0,"9",0,"9",0,"8"
"350200570","KIELCE-SUKÓW","2014","05","16",12.7,"",9.2,"",10.9,"",9.0,"",15.7,"","W",0,"9",.0,"9",.2,"",15.8,"",.0,"9",.0,"9",.0,"9",.0,"9",9.3,"",.0,"9",.0,"9",.0,"9",.0,"9",.0,"9",.0,"9",.0,"9",.7,"",.0,"9",.0,"9",0,"",0,"","R",0,"9",0,"9",0,"8"
"350200570","KIELCE-SUKÓW","2014","05","17",15.7,"",10.9,"",12.1,"",10.3,"",26.9,"","W",0,"9",.0,"9",.7,"",9.3,"",.0,"9",.0,"9",.0,"9",5.0,"",6.8,"",.0,"9",.0,"9",.0,"9",.0,"9",.0,"9",.0,"9",.0,"9",3.0,"",.0,"9",.0,"9",0,"",0,"","R",0,"9",0,"9",0,"8"
"350200570","KIELCE-SUKÓW","2014","05","18",18.8,"",5.9,"",12.6,"",5.8,"",.0,"9","",0,"9",.0,"9",6.5,"",.0,"9",.0,"9",.0,"9",.0,"9",5.7,"",1.8,"",.0,"9",.0,"9",.0,"9",.0,"9",.0,"9",.0,"9",.0,"9",.0,"9",4.0,"",.0,"9",0,"",0,"","R",0,"9",0,"9",0,"8"
"350200570","KIELCE-SUKÓW","2014","05","19",21.7,"",6.4,"",15.0,"",4.8,"",.0,"9","",0,"9",.0,"9",14.3,"",.0,"9",.0,"9",.0,"9",.0,"9",.8,"",1.4,"",.0,"9",.0,"9",.0,"9",.0,"9",.0,"9",.0,"9",.0,"9",.0,"9",5.8,"",.0,"9",0,"",0,"","R",0,"9",0,"9",0,"8"
"350200570","KIELCE-SUKÓW","2014","05","20",22.8,"",7.8,"",15.3,"",6.5,"",5.2,"","W",0,"9",.0,"9",7.9,"",2.6,"",.0,"9",.0,"9",.0,"9",.0,"9",6.2,"",.0,"9",.0,"9",.0,"9",.0,"9",.0,"9",.0,"9",.0,"9",4.7,"",13.0,"",.0,"9",0,"",0,"","R",0,"9",0,"9",0,"8"
"350200570","KIELCE-SUKÓW","2014","05","21",25.2,"",8.5,"",18.2,"",7.5,"",.0,"9","",0,"9",.0,"9",13.5,"",.0,"9",.0,"9",.0,"9",.0,"9",.0,"9",4.5,"",.0,"9",.0,"9",.0,"9",.0,"9",.0,"9",.0,"9",.0,"9",.0,"9",12.0,"",.0,"9",0,"",0,"","R",0,"9",0,"9",0,"8"
"350200570","KIELCE-SUKÓW","2014","05","22",26.7,"",11.8,"",20.7,"",10.3,"",.0,"9","",0,"9",.0,"9",14.3,"",.0,"9",.0,"9",.0,"9",.0,"9",.0,"9",.0,"9",.0,"9",.0,"9",.0,"9",.0,"9",.0,"9",.0,"9",.0,"9",.0,"9",7.0,"",.0,"9",0,"",0,"","R",0,"9",0,"9",0,"8"
"350200570","KIELCE-SUKÓW","2014","05","23",27.4,"",14.4,"",22.0,"",12.5,"",.0,"9","",0,"9",.0,"9",13.9,"",.0,"9",.0,"9",.0,"9",.0,"9",.0,"9",.0,"9",.0,"9",.0,"9",.0,"9",.0,"9",.0,"9",.0,"9",.0,"9",.0,"9",7.0,"",.0,"9",0,"",0,"","R",0,"9",0,"9",0,"8"
"350200570","KIELCE-SUKÓW","2014","05","24",28.1,"",13.0,"",20.6,"",11.3,"",.0,"9","",0,"9",.0,"9",12.2,"",.0,"9",.0,"9",.0,"9",.0,"9",.0,"9",1.5,"",.0,"9",.0,"9",.0,"9",.0,"9",.0,"9",.0,"9",.0,"9",.3,"",9.0,"",.0,"9",0,"",0,"","R",0,"9",0,"9",0,"8"
"350200570","KIELCE-SUKÓW","2014","05","25",23.5,"",13.8,"",18.2,"",12.3,"",.0,"9","",0,"9",.0,"9",8.7,"",.0,"9",.0,"9",.0,"9",.0,"9",.0,"9",1.2,"",.0,"9",.0,"9",.0,"9",.0,"9",.0,"9",.0,"9",.0,"9",.0,"9",11.0,"",.0,"9",0,"",1,"","",0,"9",0,"9",0,"8"
"350200570","KIELCE-SUKÓW","2014","05","26",22.9,"",13.3,"",18.0,"",11.8,"",6.8,"","W",0,"9",.0,"9",6.9,"",2.4,"",.0,"9",.0,"9",.0,"9",.3,"",10.8,"",.0,"9",.0,"9",.0,"9",.0,"9",.0,"9",.0,"9",.0,"9",3.1,"",6.1,"",.0,"9",0,"",0,"","R",0,"9",0,"9",0,"8"
"350200570","KIELCE-SUKÓW","2014","05","27",25.6,"",13.5,"",18.5,"",11.7,"",16.0,"","W",0,"9",.0,"9",7.7,"",3.1,"",.0,"9",.0,"9",.1,"",.3,"",6.5,"",.0,"9",.0,"9",.0,"9",.0,"9",.0,"9",.0,"9",.0,"9",4.0,"",8.0,"",.0,"9",0,"",0,"","R",0,"9",0,"9",0,"8"
"350200570","KIELCE-SUKÓW","2014","05","28",22.4,"",13.5,"",17.0,"",13.3,"",10.5,"","W",0,"9",.0,"9",5.1,"",4.3,"",.0,"9",.0,"9",.0,"9",5.3,"",11.0,"",.0,"9",.0,"9",.0,"9",.0,"9",.0,"9",.0,"9",.0,"9",4.7,"",.0,"9",.0,"9",0,"",0,"","R",0,"9",0,"9",0,"8"
"350200570","KIELCE-SUKÓW","2014","05","29",15.5,"",8.1,"",9.6,"",8.6,"",3.2,"","W",0,"9",.0,"9",.0,"9",16.3,"",.0,"9",.0,"9",.0,"9",.0,"9",6.6,"",.0,"9",.0,"9",.0,"9",.0,"9",.0,"9",.0,"9",.0,"9",.0,"9",.0,"9",.0,"9",0,"",0,"","R",0,"9",0,"9",0,"8"
"350200570","KIELCE-SUKÓW","2014","05","30",11.6,"",7.8,"",9.1,"",7.8,"",.0,"","W",0,"9",.0,"9",.1,"",1.0,"",.0,"9",.0,"9",.0,"9",1.8,"",2.8,"",.0,"9",.0,"9",.0,"9",.0,"9",.0,"9",.0,"9",.0,"9",.0,"9",3.3,"",.0,"9",0,"",0,"","R",0,"9",0,"9",0,"8"
"350200570","KIELCE-SUKÓW","2014","05","31",18.7,"",2.5,"",13.0,"",1.7,"",.0,"9","",0,"9",.0,"9",8.0,"",.0,"9",.0,"9",.0,"9",.0,"9",2.1,"",2.5,"",.0,"9",.0,"9",.0,"9",.0,"9",.0,"9",.0,"9",.0,"9",.0,"9",.0,"9",.0,"9",0,"",0,"","",0,"9",0,"9",0,"8"
"350200570","KIELCE-SUKÓW","2014","06","01",18.2,"",11.2,"",15.1,"",11.0,"",.9,"","W",0,"9",.0,"9",8.5,"",.0,"9",.0,"9",.0,"9",.0,"9",.0,"9",.0,"9",.0,"9",.0,"9",.0,"9",.0,"9",.0,"9",.0,"9",.0,"9",.0,"9",.0,"9",.0,"9",0,"",0,"","R",0,"9",0,"9",0,"8"
"350200570","KIELCE-SUKÓW","2014","06","02",16.2,"",10.0,"",11.1,"",9.5,"",11.8,"","W",0,"9",.0,"9",.0,"9",22.2,"",.0,"9",.0,"9",.0,"9",.0,"9",18.3,"",.0,"9",.0,"9",.0,"9",.0,"9",.0,"9",.0,"9",.0,"9",.0,"9",.0,"9",.0,"9",0,"",0,"","R",0,"9",0,"9",0,"8"
"350200570","KIELCE-SUKÓW","2014","06","03",16.4,"",10.2,"",12.5,"",10.2,"",.0,"","W",0,"9",.0,"9",4.7,"",6.7,"",.0,"9",.0,"9",.0,"9",1.8,"",10.3,"",.0,"9",.0,"9",.0,"9",.0,"9",.0,"9",.0,"9",.0,"9",.0,"9",3.3,"",.0,"9",0,"",0,"","R",0,"9",0,"9",0,"8"
"350200570","KIELCE-SUKÓW","2014","06","04",19.0,"",8.1,"",14.4,"",7.3,"",.0,"","W",0,"9",.0,"9",8.6,"",.5,"",.0,"9",.0,"9",.0,"9",5.6,"",4.4,"",.0,"9",.0,"9",.0,"9",.0,"9",.0,"9",.0,"9",.0,"9",.0,"9",3.9,"",.0,"9",0,"",0,"","R",0,"9",0,"9",0,"8"
"350200570","KIELCE-SUKÓW","2014","06","05",24.1,"",6.5,"",16.3,"",5.4,"",.5,"","W",0,"9",.0,"9",13.7,"",.0,"9",.0,"9",.0,"9",.0,"9",3.5,"",3.1,"",.0,"9",.0,"9",.0,"9",.0,"9",.0,"9",.0,"9",.0,"9",.0,"9",5.0,"",.0,"9",0,"",0,"","R",0,"9",0,"9",0,"8"
"350200570","KIELCE-SUKÓW","2014","06","06",20.3,"",11.6,"",15.9,"",10.9,"",.0,"9","",0,"9",.0,"9",1.7,"",2.3,"",.0,"9",.0,"9",.0,"9",2.7,"",6.8,"",.0,"9",.0,"9",.0,"9",.0,"9",.0,"9",.0,"9",.0,"9",.6,"",3.8,"",.0,"9",0,"",0,"","R",0,"9",0,"9",0,"8"
"350200570","KIELCE-SUKÓW","2014","06","07",24.5,"",7.9,"",17.1,"",7.5,"",.0,"9","",0,"9",.0,"9",13.0,"",.0,"9",.0,"9",.0,"9",.0,"9",5.1,"",2.1,"",.0,"9",.0,"9",.0,"9",.0,"9",.0,"9",.0,"9",.0,"9",.0,"9",4.0,"",.0,"9",0,"",0,"","R",0,"9",0,"9",0,"8"
"350200570","KIELCE-SUKÓW","2014","06","08",28.4,"",9.9,"",20.3,"",8.7,"",.0,"9","",0,"9",.0,"9",14.3,"",.0,"9",.0,"9",.0,"9",.0,"9",1.8,"",4.2,"",.0,"9",.0,"9",.0,"9",.0,"9",.0,"9",.0,"9",.0,"9",.0,"9",5.2,"",.0,"9",0,"",0,"","R",0,"9",0,"9",0,"8"
"350200570","KIELCE-SUKÓW","2014","06","09",30.1,"",12.6,"",22.7,"",11.7,"",.0,"","W",0,"9",.0,"9",14.1,"",.1,"",.0,"9",.0,"9",.0,"9",.0,"9",3.8,"",.0,"9",.0,"9",.0,"9",.0,"9",.0,"9",.0,"9",.0,"9",.0,"9",9.8,"",.0,"9",0,"",0,"","R",0,"9",0,"9",0,"8"
"350200570","KIELCE-SUKÓW","2014","06","10",28.8,"",15.8,"",22.7,"",14.9,"",.0,"9","",0,"9",.0,"9",12.8,"",.0,"9",.0,"9",.0,"9",.0,"9",.0,"9",4.3,"",.0,"9",.0,"9",.0,"9",.0,"9",.0,"9",.0,"9",.0,"9",.0,"9",3.0,"",.0,"9",0,"",0,"","R",0,"9",0,"9",0,"8"
"350200570","KIELCE-SUKÓW","2014","06","11",26.7,"",12.4,"",20.4,"",11.2,"",.0,"9","",0,"9",.0,"9",14.5,"",.0,"9",.0,"9",.0,"9",.0,"9",.0,"9",.0,"9",.0,"9",.0,"9",.0,"9",.0,"9",.0,"9",.0,"9",.0,"9",.0,"9",9.0,"",.0,"9",0,"",0,"","R",0,"9",0,"9",0,"8"
"350200570","KIELCE-SUKÓW","2014","06","12",24.0,"",10.6,"",18.1,"",10.1,"",.0,"9","",0,"9",.0,"9",10.0,"",.0,"9",.0,"9",.0,"9",.0,"9",.0,"9",.0,"9",.0,"9",.0,"9",.0,"9",.0,"9",.0,"9",.0,"9",.0,"9",.0,"9",11.0,"",.0,"9",0,"",0,"","R",0,"9",0,"9",0,"8"
"350200570","KIELCE-SUKÓW","2014","06","13",21.2,"",10.9,"",14.6,"",9.4,"",.0,"","W",0,"9",.0,"9",7.1,"",3.0,"",.0,"9",.0,"9",.0,"9",.0,"9",.0,"9",.0,"9",.0,"9",.0,"9",.0,"9",.0,"9",.0,"9",.0,"9",.0,"9",7.0,"",.0,"9",0,"",0,"","R",0,"9",0,"9",0,"8"
"350200570","KIELCE-SUKÓW","2014","06","14",18.3,"",10.0,"",13.4,"",9.6,"",.0,"","W",0,"9",.0,"9",4.7,"",.7,"",.0,"9",.0,"9",.0,"9",.0,"9",.0,"9",.0,"9",.0,"9",.0,"9",.0,"9",.0,"9",.0,"9",.0,"9",.0,"9",4.0,"",.0,"9",0,"",0,"","R",0,"9",0,"9",0,"8"
"350200570","KIELCE-SUKÓW","2014","06","15",14.3,"",10.2,"",11.4,"",9.4,"",.0,"","W",0,"9",.0,"9",1.1,"",.4,"",.0,"9",.0,"9",.0,"9",.0,"9",.8,"",.0,"9",.0,"9",.0,"9",.0,"9",.0,"9",.0,"9",.0,"9",.0,"9",1.0,"",.0,"9",0,"",0,"","R",0,"9",0,"9",0,"8"
"350200570","KIELCE-SUKÓW","2014","06","16",20.7,"",5.7,"",14.3,"",5.0,"",.0,"9","",0,"9",.0,"9",10.0,"",.0,"9",.0,"9",.0,"9",.0,"9",3.3,"",2.8,"",.0,"9",.0,"9",.0,"9",.0,"9",.0,"9",.0,"9",.0,"9",.0,"9",5.5,"",.0,"9",0,"",0,"","R",0,"9",0,"9",0,"8"
"350200570","KIELCE-SUKÓW","2014","06","17",21.1,"",5.2,"",14.2,"",4.1,"",.0,"","W",0,"9",.0,"9",9.7,"",.2,"",.0,"9",.0,"9",.0,"9",.4,"",3.1,"",.0,"9",.0,"9",.0,"9",.0,"9",.0,"9",.0,"9",.0,"9",.0,"9",6.8,"",.0,"9",0,"",0,"","R",0,"9",0,"9",0,"8"
"350200570","KIELCE-SUKÓW","2014","06","18",22.6,"",5.6,"",14.9,"",4.9,"",.0,"9","",0,"9",.0,"9",13.9,"",.0,"9",.0,"9",.0,"9",.0,"9",2.3,"",1.1,"",.0,"9",.0,"9",.0,"9",.0,"9",.0,"9",.0,"9",.0,"9",.0,"9",5.7,"",.0,"9",0,"",0,"","R",0,"9",0,"9",0,"8"
"350200570","KIELCE-SUKÓW","2014","06","19",24.0,"",5.3,"",15.6,"",4.4,"",.0,"","W",0,"9",.0,"9",10.3,"",.1,"",.0,"9",.0,"9",.0,"9",.0,"9",.0,"9",.0,"9",.0,"9",.0,"9",.0,"9",.0,"9",.0,"9",.0,"9",.0,"9",10.0,"",.0,"9",0,"",0,"","R",0,"9",0,"9",0,"8"
"350200570","KIELCE-SUKÓW","2014","06","20",17.1,"",11.4,"",13.9,"",11.2,"",.0,"","W",0,"9",.0,"9",4.1,"",.3,"",.0,"9",.0,"9",.0,"9",.0,"9",.0,"9",.0,"9",.0,"9",.0,"9",.0,"9",.0,"9",.0,"9",.0,"9",.0,"9",2.0,"",.0,"9",0,"",0,"","R",0,"9",0,"9",0,"8"
"350200570","KIELCE-SUKÓW","2014","06","21",18.1,"",9.6,"",13.9,"",8.9,"",.1,"","W",0,"9",.0,"9",7.4,"",.9,"",.0,"9",.0,"9",.0,"9",.0,"9",.0,"9",.0,"9",.0,"9",.0,"9",.0,"9",.0,"9",.0,"9",.0,"9",.0,"9",6.0,"",.0,"9",0,"",0,"","R",0,"9",0,"9",0,"8"
"350200570","KIELCE-SUKÓW","2014","06","22",18.0,"",10.8,"",14.0,"",10.1,"",3.5,"","W",0,"9",.0,"9",8.6,"",2.8,"",.0,"9",.0,"9",.0,"9",.0,"9",.0,"9",.0,"9",.0,"9",.0,"9",.0,"9",.0,"9",.0,"9",.0,"9",.0,"9",2.0,"",.0,"9",0,"",0,"","R",0,"9",0,"9",0,"8"
"350200570","KIELCE-SUKÓW","2014","06","23",19.9,"",7.6,"",14.0,"",7.2,"",.0,"9","",0,"9",.0,"9",14.6,"",.0,"9",.0,"9",.0,"9",.0,"9",.0,"9",2.3,"",.0,"9",.0,"9",.0,"9",.0,"9",.0,"9",.0,"9",.0,"9",.0,"9",10.0,"",.0,"9",0,"",0,"","R",0,"9",0,"9",0,"8"
"350200570","KIELCE-SUKÓW","2014","06","24",18.5,"",4.0,"",12.9,"",3.6,"",.0,"9","",0,"9",.0,"9",8.7,"",.0,"9",.0,"9",.0,"9",.0,"9",1.1,"",2.2,"",.0,"9",.0,"9",.0,"9",.0,"9",.0,"9",.0,"9",.0,"9",.0,"9",6.3,"",.0,"9",0,"",0,"","R",0,"9",0,"9",0,"8"
"350200570","KIELCE-SUKÓW","2014","06","25",19.9,"",7.3,"",13.4,"",6.3,"",28.3,"","W",0,"9",.0,"9",6.0,"",9.5,"",.0,"9",.0,"9",.0,"9",.0,"9",9.3,"",.0,"9",.0,"9",.0,"9",.0,"9",.0,"9",.0,"9",.0,"9",.0,"9",6.0,"",.0,"9",0,"",0,"","R",0,"9",0,"9",0,"8"
"350200570","KIELCE-SUKÓW","2014","06","26",15.1,"",9.6,"",11.5,"",9.5,"",5.0,"","W",0,"9",.0,"9",1.5,"",11.8,"",.0,"9",.0,"9",.0,"9",1.3,"",9.9,"",.0,"9",.0,"9",.0,"9",.0,"9",.0,"9",.0,"9",.0,"9",.0,"9",1.6,"",.0,"9",0,"",0,"","R",0,"9",0,"9",0,"8"
"350200570","KIELCE-SUKÓW","2014","06","27",22.1,"",5.8,"",14.4,"",5.6,"",.0,"9","",0,"9",.0,"9",12.6,"",.0,"9",.0,"9",.0,"9",.0,"9",5.9,"",.4,"",.0,"9",.0,"9",.0,"9",.0,"9",.0,"9",.0,"9",.0,"9",.0,"9",4.0,"",.0,"9",0,"",0,"","R",0,"9",0,"9",0,"8"
"350200570","KIELCE-SUKÓW","2014","06","28",25.1,"",8.1,"",17.0,"",6.8,"",.5,"","W",0,"9",.0,"9",6.3,"",2.4,"",.0,"9",.0,"9",.0,"9",.8,"",3.9,"",.0,"9",.0,"9",.0,"9",.0,"9",.0,"9",.0,"9",.0,"9",.7,"",7.0,"",.0,"9",0,"",0,"","R",0,"9",0,"9",0,"8"
"350200570","KIELCE-SUKÓW","2014","06","29",27.5,"",12.5,"",19.2,"",11.3,"",3.2,"","W",0,"9",.0,"9",3.6,"",3.0,"",.0,"9",.0,"9",.0,"9",.0,"9",7.3,"",.0,"9",.0,"9",.0,"9",.0,"9",.0,"9",.0,"9",.0,"9",2.8,"",.0,"9",.0,"9",0,"",0,"","R",0,"9",0,"9",0,"8"
"350200570","KIELCE-SUKÓW","2014","06","30",20.3,"",13.1,"",15.3,"",12.7,"",18.4,"","W",0,"9",.0,"9",.0,"9",15.2,"",.0,"9",.0,"9",.0,"9",.0,"9",13.1,"",.0,"9",.0,"9",.0,"9",.0,"9",.0,"9",.0,"9",.0,"9",.0,"9",.0,"9",.0,"9",0,"",0,"","R",0,"9",0,"9",0,"8"
"350200570","KIELCE-SUKÓW","2014","07","01",19.9,"",12.5,"",15.2,"",12.2,"",.0,"","W",0,"9",.0,"9",7.5,"",2.9,"",.0,"9",.0,"9",.0,"9",1.3,"",7.9,"",.0,"9",.0,"9",.0,"9",.0,"9",.0,"9",.0,"9",.0,"9",.0,"9",3.8,"",.0,"9",0,"",0,"","R",0,"9",0,"9",0,"8"
"350200570","KIELCE-SUKÓW","2014","07","02",21.7,"",7.2,"",15.0,"",6.5,"",.0,"9","",0,"9",.0,"9",7.7,"",.0,"9",.0,"9",.0,"9",.0,"9",3.7,"",1.5,"",.0,"9",.0,"9",.0,"9",.0,"9",.0,"9",.0,"9",.0,"9",.0,"9",1.0,"",.0,"9",0,"",0,"","R",0,"9",0,"9",0,"8"
"350200570","KIELCE-SUKÓW","2014","07","03",21.7,"",11.9,"",16.1,"",11.8,"",.0,"9","",0,"9",.0,"9",10.2,"",.0,"9",.0,"9",.0,"9",.0,"9",.0,"9",7.2,"",.0,"9",.0,"9",.0,"9",.0,"9",.0,"9",.0,"9",.0,"9",.0,"9",12.0,"",.0,"9",0,"",0,"","R",0,"9",0,"9",0,"8"
"350200570","KIELCE-SUKÓW","2014","07","04",25.9,"",7.9,"",18.3,"",6.9,"",.0,"9","",0,"9",.0,"9",14.6,"",.0,"9",.0,"9",.0,"9",.0,"9",.0,"9",4.2,"",.0,"9",.0,"9",.0,"9",.0,"9",.0,"9",.0,"9",.0,"9",.0,"9",13.0,"",.0,"9",0,"",0,"","R",0,"9",0,"9",0,"8"
"350200570","KIELCE-SUKÓW","2014","07","05",27.1,"",13.6,"",20.2,"",12.7,"",.0,"","W",0,"9",.0,"9",10.6,"",.4,"",.0,"9",.0,"9",.0,"9",.0,"9",.0,"9",.0,"9",.0,"9",.0,"9",.0,"9",.0,"9",.0,"9",.0,"9",.0,"9",7.0,"",.0,"9",0,"",0,"","R",0,"9",0,"9",0,"8"
"350200570","KIELCE-SUKÓW","2014","07","06",28.0,"",14.9,"",21.8,"",13.9,"",2.2,"","W",0,"9",.0,"9",10.4,"",.9,"",.0,"9",.0,"9",.0,"9",.0,"9",1.8,"",.0,"9",.0,"9",.0,"9",.0,"9",.0,"9",.0,"9",.0,"9",1.3,"",.0,"9",.0,"9",0,"",0,"","R",0,"9",0,"9",0,"8"
"350200570","KIELCE-SUKÓW","2014","07","07",30.7,"",15.5,"",22.9,"",14.8,"",.1,"","W",0,"9",.0,"9",10.4,"",1.4,"",.0,"9",.0,"9",.0,"9",.3,"",4.3,"",.0,"9",.0,"9",.0,"9",.0,"9",.0,"9",.0,"9",.0,"9",2.0,"",2.0,"",.0,"9",0,"",0,"","R",0,"9",0,"9",0,"8"
"350200570","KIELCE-SUKÓW","2014","07","08",31.2,"",16.4,"",24.0,"",15.7,"",1.3,"","W",0,"9",.0,"9",11.2,"",.8,"",.0,"9",.0,"9",.0,"9",.0,"9",3.2,"",.0,"9",.0,"9",.0,"9",.0,"9",.0,"9",.0,"9",.0,"9",1.4,"",7.0,"",.0,"9",0,"",0,"","R",0,"9",0,"9",0,"8"
"350200570","KIELCE-SUKÓW","2014","07","09",25.7,"",16.4,"",19.7,"",16.3,"",30.3,"","W",0,"9",.0,"9",3.7,"",9.0,"",.0,"9",.0,"9",.0,"9",.0,"9",2.3,"",.0,"9",.0,"9",.0,"9",.0,"9",.0,"9",.0,"9",.0,"9",2.3,"",.0,"9",.0,"9",0,"",0,"","R",0,"9",0,"9",0,"8"
"350200570","KIELCE-SUKÓW","2014","07","10",22.0,"",14.8,"",17.9,"",14.8,"",.2,"","W",0,"9",.0,"9",3.2,"",5.5,"",.0,"9",.0,"9",.0,"9",.0,"9",4.0,"",.0,"9",.0,"9",.0,"9",.0,"9",.0,"9",.0,"9",.0,"9",.0,"9",.0,"9",.0,"9",0,"",0,"","R",0,"9",0,"9",0,"8"
"350200570","KIELCE-SUKÓW","2014","07","11",20.4,"",16.1,"",17.1,"",15.7,"",3.8,"","W",0,"9",.0,"9",1.6,"",8.1,"",.0,"9",.0,"9",.0,"9",.0,"9",5.1,"",.0,"9",.0,"9",.0,"9",.0,"9",.0,"9",.0,"9",.0,"9",.0,"9",.0,"9",.0,"9",0,"",0,"","R",0,"9",0,"9",0,"8"
"350200570","KIELCE-SUKÓW","2014","07","12",18.0,"",13.9,"",14.4,"",13.7,"",4.2,"","W",0,"9",.0,"9",.0,"9",14.7,"",.0,"9",.0,"9",.0,"9",4.8,"",2.6,"",.0,"9",.0,"9",.0,"9",.0,"9",.0,"9",.0,"9",.0,"9",.0,"9",.0,"9",.0,"9",0,"",0,"","R",0,"9",0,"9",0,"8"
"350200570","KIELCE-SUKÓW","2014","07","13",24.0,"",10.0,"",17.4,"",10.0,"",.0,"9","",0,"9",.0,"9",11.9,"",.0,"9",.0,"9",.0,"9",.0,"9",5.9,"",.8,"",.0,"9",.0,"9",.0,"9",.0,"9",.0,"9",.0,"9",.0,"9",.0,"9",5.0,"",.0,"9",0,"",0,"","R",0,"9",0,"9",0,"8"
"350200570","KIELCE-SUKÓW","2014","07","14",27.5,"",13.6,"",20.9,"",12.3,"",.0,"9","",0,"9",.0,"9",9.3,"",.0,"9",.0,"9",.0,"9",.0,"9",.0,"9",.0,"9",.0,"9",.0,"9",.0,"9",.0,"9",.0,"9",.0,"9",.0,"9",.0,"9",12.0,"",.0,"9",0,"",0,"","R",0,"9",0,"9",0,"8"
"350200570","KIELCE-SUKÓW","2014","07","15",26.4,"",15.5,"",19.2,"",14.5,"",17.0,"","W",0,"9",.0,"9",5.5,"",3.0,"",.0,"9",.0,"9",.0,"9",1.4,"",6.5,"",.0,"9",.0,"9",.0,"9",.0,"9",.0,"9",.0,"9",.0,"9",5.8,"",8.0,"",.0,"9",0,"",0,"","R",0,"9",0,"9",0,"8"
"350200570","KIELCE-SUKÓW","2014","07","16",26.0,"",13.2,"",19.7,"",12.4,"",16.0,"","W",0,"9",.0,"9",7.0,"",1.0,"",.0,"9",.0,"9",.0,"9",2.5,"",3.7,"",.0,"9",.0,"9",.0,"9",.0,"9",.0,"9",.0,"9",.0,"9",3.3,"",5.0,"",.0,"9",0,"",0,"","R",0,"9",0,"9",0,"8"
"350200570","KIELCE-SUKÓW","2014","07","17",26.5,"",14.5,"",19.0,"",13.2,"",.6,"","W",0,"9",.0,"9",6.8,"",1.6,"",.0,"9",.0,"9",.0,"9",.0,"9",5.7,"",.0,"9",.0,"9",.0,"9",.0,"9",.0,"9",.0,"9",.0,"9",4.7,"",11.0,"",.0,"9",0,"",0,"","R",0,"9",0,"9",0,"8"
"350200570","KIELCE-SUKÓW","2014","07","18",25.7,"",15.1,"",20.3,"",14.8,"",.0,"","W",0,"9",.0,"9",6.0,"",1.6,"",.0,"9",.0,"9",.0,"9",2.1,"",7.2,"",.0,"9",.0,"9",.0,"9",.0,"9",.0,"9",.0,"9",.0,"9",2.3,"",5.2,"",.0,"9",0,"",0,"","R",0,"9",0,"9",0,"8"
"350200570","KIELCE-SUKÓW","2014","07","19",27.9,"",14.0,"",21.5,"",13.1,"",.0,"","W",0,"9",.0,"9",11.2,"",.3,"",.0,"9",.0,"9",.0,"9",2.2,"",8.0,"",.0,"9",.0,"9",.0,"9",.0,"9",.0,"9",.0,"9",.0,"9",1.0,"",5.0,"",.0,"9",0,"",0,"","R",0,"9",0,"9",0,"8"
"350200570","KIELCE-SUKÓW","2014","07","20",29.9,"",13.5,"",22.9,"",12.7,"",20.3,"","W",0,"9",.0,"9",12.4,"",.9,"",.0,"9",.0,"9",.0,"9",.1,"",4.1,"",.0,"9",.0,"9",.0,"9",.0,"9",.0,"9",.0,"9",.0,"9",2.5,"",4.5,"",.0,"9",0,"",0,"","R",0,"9",0,"9",0,"8"
"350200570","KIELCE-SUKÓW","2014","07","21",26.4,"",15.8,"",20.9,"",15.7,"",2.7,"","W",0,"9",.0,"9",6.6,"",.8,"",.0,"9",.0,"9",.0,"9",.0,"9",.0,"9",.0,"9",.0,"9",.0,"9",.0,"9",.0,"9",.0,"9",.0,"9",2.2,"",5.0,"",.0,"9",0,"",0,"","R",0,"9",0,"9",0,"8"
"350200570","KIELCE-SUKÓW","2014","07","22",26.1,"",14.7,"",21.4,"",13.9,"",.0,"9","",0,"9",.0,"9",13.4,"",.0,"9",.0,"9",.0,"9",.0,"9",.0,"9",.0,"9",.0,"9",.0,"9",.0,"9",.0,"9",.0,"9",.0,"9",.0,"9",.0,"9",9.0,"",.0,"9",0,"",0,"","R",0,"9",0,"9",0,"8"
"350200570","KIELCE-SUKÓW","2014","07","23",24.3,"",15.9,"",19.0,"",14.6,"",20.9,"","W",0,"9",.0,"9",8.1,"",5.7,"",.0,"9",.0,"9",.0,"9",.0,"9",5.3,"",.0,"9",.0,"9",.0,"9",.0,"9",.0,"9",.0,"9",.0,"9",.8,"",3.0,"",.0,"9",0,"",0,"","R",0,"9",0,"9",0,"8"
"350200570","KIELCE-SUKÓW","2014","07","24",19.3,"",15.3,"",17.3,"",15.2,"",17.4,"","W",0,"9",.0,"9",.0,"9",16.1,"",.0,"9",.0,"9",.0,"9",.0,"9",15.8,"",.0,"9",.0,"9",.0,"9",.0,"9",.0,"9",.0,"9",.0,"9",.0,"9",.0,"9",.0,"9",0,"",0,"","R",0,"9",0,"9",0,"8"
"350200570","KIELCE-SUKÓW","2014","07","25",23.7,"",16.9,"",19.7,"",16.6,"",3.8,"","W",0,"9",.0,"9",4.5,"",2.0,"",.0,"9",.0,"9",.0,"9",.0,"9",6.8,"",.0,"9",.0,"9",.0,"9",.0,"9",.0,"9",.0,"9",.0,"9",4.2,"",3.1,"",.0,"9",0,"",0,"","R",0,"9",0,"9",0,"8"
"350200570","KIELCE-SUKÓW","2014","07","26",28.4,"",17.4,"",22.0,"",16.5,"",.0,"9","",0,"9",.0,"9",10.8,"",.0,"9",.0,"9",.0,"9",.0,"9",.0,"9",.0,"9",.0,"9",.0,"9",.0,"9",.0,"9",.0,"9",.0,"9",.0,"9",.0,"9",5.0,"",.0,"9",0,"",0,"","R",0,"9",0,"9",0,"8"
"350200570","KIELCE-SUKÓW","2014","07","27",29.8,"",15.9,"",23.1,"",15.0,"",.0,"9","",0,"9",.0,"9",13.9,"",.0,"9",.0,"9",.0,"9",.0,"9",.0,"9",.0,"9",.0,"9",.0,"9",.0,"9",.0,"9",.0,"9",.0,"9",.0,"9",.0,"9",13.0,"",.0,"9",0,"",0,"","R",0,"9",0,"9",0,"8"
"350200570","KIELCE-SUKÓW","2014","07","28",29.9,"",16.8,"",22.5,"",16.1,"",.0,"","W",0,"9",.0,"9",10.6,"",.5,"",.0,"9",.0,"9",.0,"9",.0,"9",.0,"9",.0,"9",.0,"9",.0,"9",.0,"9",.0,"9",.0,"9",.0,"9",.8,"",12.0,"",.0,"9",0,"",0,"","R",0,"9",0,"9",0,"8"
"350200570","KIELCE-SUKÓW","2014","07","29",30.0,"",15.6,"",21.8,"",15.1,"",3.7,"","W",0,"9",.0,"9",10.3,"",1.6,"",.0,"9",.0,"9",.0,"9",.0,"9",2.3,"",.0,"9",.0,"9",.0,"9",.0,"9",.0,"9",.0,"9",.0,"9",2.0,"",11.0,"",.0,"9",0,"",0,"","R",0,"9",0,"9",0,"8"
"350200570","KIELCE-SUKÓW","2014","07","30",27.5,"",16.4,"",21.4,"",16.2,"",.0,"9","",0,"9",.0,"9",7.2,"",.0,"9",.0,"9",.0,"9",.0,"9",.0,"9",5.9,"",.0,"9",.0,"9",.0,"9",.0,"9",.0,"9",.0,"9",.0,"9",.0,"9",13.0,"",.0,"9",0,"",0,"","R",0,"9",0,"9",0,"8"
"350200570","KIELCE-SUKÓW","2014","07","31",29.2,"",16.4,"",21.8,"",15.7,"",18.4,"","W",0,"9",.0,"9",8.6,"",3.8,"",.0,"9",.0,"9",.0,"9",.0,"9",15.6,"",.0,"9",.0,"9",.0,"9",.0,"9",.0,"9",.0,"9",.0,"9",5.6,"",7.0,"",.0,"9",0,"",0,"","R",0,"9",0,"9",0,"8"
"350200570","KIELCE-SUKÓW","2014","08","01",26.3,"",18.6,"",21.2,"",18.3,"",22.6,"","W",0,"9",.0,"9",1.1,"",1.6,"",.0,"9",.0,"9",.0,"9",.0,"9",12.3,"",.0,"9",.0,"9",.0,"9",.0,"9",.0,"9",.0,"9",.0,"9",2.6,"",.0,"9",.0,"9",0,"",0,"","R",0,"9",0,"9",0,"8"
"350200570","KIELCE-SUKÓW","2014","08","02",31.0,"",15.7,"",23.7,"",15.4,"",.0,"9","",0,"9",.0,"9",12.9,"",.0,"9",.0,"9",.0,"9",.0,"9",2.3,"",3.4,"",.0,"9",.0,"9",.0,"9",.0,"9",.0,"9",.0,"9",.0,"9",.0,"9",4.0,"",.0,"9",0,"",0,"","R",0,"9",0,"9",0,"8"
"350200570","KIELCE-SUKÓW","2014","08","03",29.3,"",15.5,"",22.6,"",14.5,"",.6,"","W",0,"9",.0,"9",10.8,"",.6,"",.0,"9",.0,"9",.0,"9",.0,"9",.0,"9",.0,"9",.0,"9",.0,"9",.0,"9",.0,"9",.0,"9",.0,"9",.6,"",12.0,"",.0,"9",0,"",0,"","R",0,"9",0,"9",0,"8"
"350200570","KIELCE-SUKÓW","2014","08","04",31.0,"",15.2,"",21.9,"",14.7,"",3.7,"","W",0,"9",.0,"9",9.2,"",.6,"",.0,"9",.0,"9",.0,"9",.0,"9",.7,"",.0,"9",.0,"9",.0,"9",.0,"9",.0,"9",.0,"9",.0,"9",3.5,"",9.4,"",.0,"9",0,"",0,"","R",0,"9",0,"9",0,"8"
"350200570","KIELCE-SUKÓW","2014","08","05",24.9,"",16.6,"",20.0,"",16.6,"",.0,"","W",0,"9",.0,"9",5.0,"",2.7,"",.0,"9",.0,"9",.0,"9",.0,"9",10.8,"",.0,"9",.0,"9",.0,"9",.0,"9",.0,"9",.0,"9",.0,"9",.2,"",5.0,"",.0,"9",0,"",0,"","R",0,"9",0,"9",0,"8"
"350200570","KIELCE-SUKÓW","2014","08","06",23.9,"",17.2,"",19.6,"",16.6,"",.0,"","W",0,"9",.0,"9",1.2,"",1.1,"",.0,"9",.0,"9",.0,"9",.0,"9",.0,"9",.0,"9",.0,"9",.0,"9",.0,"9",.0,"9",.0,"9",.0,"9",.0,"9",13.0,"",.0,"9",0,"",0,"","R",0,"9",0,"9",0,"8"
"350200570","KIELCE-SUKÓW","2014","08","07",24.1,"",15.2,"",19.2,"",14.3,"",4.7,"","W",0,"9",.0,"9",4.8,"",8.3,"",.0,"9",.0,"9",.0,"9",.0,"9",7.3,"",.0,"9",.0,"9",.0,"9",.0,"9",.0,"9",.0,"9",.0,"9",6.1,"",8.0,"",.0,"9",0,"",0,"","R",0,"9",0,"9",0,"8"
"350200570","KIELCE-SUKÓW","2014","08","08",23.4,"",16.8,"",18.8,"",16.6,"",.0,"9","",0,"9",.0,"9",3.3,"",1.6,"",.0,"9",.0,"9",.0,"9",2.9,"",9.1,"",.0,"9",.0,"9",.0,"9",.0,"9",.0,"9",.0,"9",.0,"9",1.8,"",2.1,"",.0,"9",0,"",0,"","R",0,"9",0,"9",0,"8"
"350200570","KIELCE-SUKÓW","2014","08","09",27.6,"",12.3,"",20.7,"",12.1,"",.0,"9","",0,"9",.0,"9",12.0,"",.0,"9",.0,"9",.0,"9",.0,"9",5.8,"",2.3,"",.0,"9",.0,"9",.0,"9",.0,"9",.0,"9",.0,"9",.0,"9",.0,"9",5.0,"",.0,"9",0,"",0,"","R",0,"9",0,"9",0,"8"
"350200570","KIELCE-SUKÓW","2014","08","10",29.1,"",15.6,"",22.2,"",15.5,"",.0,"9","",0,"9",.0,"9",10.3,"",.0,"9",.0,"9",.0,"9",.0,"9",.3,"",5.3,"",.0,"9",.0,"9",.0,"9",.0,"9",.0,"9",.0,"9",.0,"9",1.4,"",8.1,"",.0,"9",0,"",0,"","R",0,"9",0,"9",0,"8"
"350200570","KIELCE-SUKÓW","2014","08","11",29.9,"",16.1,"",21.1,"",14.7,"",18.4,"","W",0,"9",.0,"9",8.4,"",5.6,"",.0,"9",.0,"9",.0,"9",.0,"9",10.2,"",.0,"9",.0,"9",.0,"9",.0,"9",.0,"9",.0,"9",.0,"9",3.3,"",8.0,"",.0,"9",0,"",0,"","R",0,"9",0,"9",0,"8"
"350200570","KIELCE-SUKÓW","2014","08","12",21.7,"",16.9,"",18.2,"",16.8,"",.2,"","W",0,"9",.0,"9",2.5,"",2.4,"",.0,"9",.0,"9",.0,"9",.3,"",11.1,"",.0,"9",.0,"9",.0,"9",.0,"9",.0,"9",.0,"9",.0,"9",.0,"9",2.9,"",.0,"9",0,"",0,"","R",0,"9",0,"9",0,"8"
"350200570","KIELCE-SUKÓW","2014","08","13",23.1,"",12.1,"",17.2,"",11.4,"",12.9,"","W",0,"9",.0,"9",2.9,"",4.4,"",.0,"9",.0,"9",.0,"9",.0,"9",12.5,"",.0,"9",.0,"9",.0,"9",.0,"9",.0,"9",.0,"9",.0,"9",1.1,"",.0,"9",.0,"9",0,"",0,"","R",0,"9",0,"9",0,"8"
"350200570","KIELCE-SUKÓW","2014","08","14",20.3,"",16.7,"",17.9,"",16.5,"",.0,"9","",0,"9",.0,"9",4.1,"",1.5,"",.0,"9",.0,"9",.0,"9",.2,"",3.8,"",.0,"9",.0,"9",.0,"9",.0,"9",.0,"9",.0,"9",.0,"9",.2,"",5.8,"",.0,"9",0,"",0,"","R",0,"9",0,"9",0,"8"
"350200570","KIELCE-SUKÓW","2014","08","15",23.0,"",10.8,"",16.6,"",10.1,"",.2,"","W",0,"9",.0,"9",8.9,"",.4,"",.0,"9",.0,"9",.0,"9",5.8,"",6.6,"",.0,"9",.0,"9",.0,"9",.0,"9",.0,"9",.0,"9",.0,"9",.8,"",.9,"",.0,"9",0,"",0,"","R",0,"9",0,"9",0,"8"
"350200570","KIELCE-SUKÓW","2014","08","16",18.6,"",11.1,"",14.2,"",10.8,"",2.0,"","W",0,"9",.0,"9",5.3,"",4.4,"",.0,"9",.0,"9",.0,"9",.7,"",9.9,"",.0,"9",.0,"9",.0,"9",.0,"9",.0,"9",.0,"9",.0,"9",4.1,"",4.0,"",.0,"9",0,"",0,"","R",0,"9",0,"9",0,"8"
"350200570","KIELCE-SUKÓW","2014","08","17",19.0,"",8.0,"",14.2,"",7.3,"",.0,"","W",0,"9",.0,"9",8.2,"",.1,"",.0,"9",.0,"9",.0,"9",2.1,"",4.3,"",.0,"9",.0,"9",.0,"9",.0,"9",.0,"9",.0,"9",.0,"9",.0,"9",8.8,"",.0,"9",0,"",0,"","R",0,"9",0,"9",0,"8"
"350200570","KIELCE-SUKÓW","2014","08","18",23.9,"",10.7,"",17.8,"",10.0,"",.5,"","W",0,"9",.0,"9",8.6,"",1.0,"",.0,"9",.0,"9",.0,"9",.0,"9",.0,"9",.0,"9",.0,"9",.0,"9",.0,"9",.0,"9",.0,"9",.0,"9",.0,"9",8.0,"",.0,"9",0,"",1,"","R",0,"9",0,"9",0,"8"
"350200570","KIELCE-SUKÓW","2014","08","19",20.5,"",12.9,"",15.3,"",11.8,"",2.0,"","W",0,"9",.0,"9",2.9,"",4.7,"",.0,"9",.0,"9",.0,"9",1.8,"",5.7,"",.0,"9",.0,"9",.0,"9",.0,"9",.0,"9",.0,"9",.0,"9",.0,"9",.0,"9",.0,"9",0,"",0,"","R",0,"9",0,"9",0,"8"
"350200570","KIELCE-SUKÓW","2014","08","20",21.4,"",9.5,"",15.5,"",9.5,"",.0,"","W",0,"9",.0,"9",10.5,"",.0,"9",.0,"9",.0,"9",.0,"9",6.3,"",1.0,"",.0,"9",.0,"9",.0,"9",.0,"9",.0,"9",.0,"9",.0,"9",.0,"9",.0,"9",.0,"9",0,"",0,"","R",0,"9",0,"9",0,"8"
"350200570","KIELCE-SUKÓW","2014","08","21",16.8,"",11.7,"",12.8,"",11.2,"",3.4,"","W",0,"9",.0,"9",3.7,"",7.8,"",.0,"9",.0,"9",.0,"9",1.3,"",8.7,"",.0,"9",.0,"9",.0,"9",.0,"9",.0,"9",.0,"9",.0,"9",.0,"9",.8,"",.0,"9",0,"",0,"","R",0,"9",0,"9",0,"8"
"350200570","KIELCE-SUKÓW","2014","08","22",20.8,"",5.5,"",13.5,"",4.7,"",.0,"","W",0,"9",.0,"9",9.7,"",.1,"",.0,"9",.0,"9",.0,"9",4.9,"",1.2,"",.0,"9",.0,"9",.0,"9",.0,"9",.0,"9",.0,"9",.0,"9",.0,"9",5.0,"",.0,"9",0,"",0,"","R",0,"9",0,"9",0,"8"
"350200570","KIELCE-SUKÓW","2014","08","23",21.8,"",9.1,"",15.8,"",7.8,"",4.8,"","W",0,"9",.0,"9",6.8,"",.5,"",.0,"9",.0,"9",.0,"9",.0,"9",6.7,"",.0,"9",.0,"9",.0,"9",.0,"9",.0,"9",.0,"9",.0,"9",.0,"9",11.5,"",.0,"9",0,"",0,"","R",0,"9",0,"9",0,"8"
"350200570","KIELCE-SUKÓW","2014","08","24",16.4,"",11.7,"",12.8,"",10.3,"",4.8,"","W",0,"9",.0,"9",1.1,"",11.9,"",.0,"9",.0,"9",.0,"9",.0,"9",10.1,"",.0,"9",.0,"9",.0,"9",.0,"9",.0,"9",.0,"9",.0,"9",.0,"9",.6,"",.0,"9",0,"",0,"","R",0,"9",0,"9",0,"8"
"350200570","KIELCE-SUKÓW","2014","08","25",18.8,"",6.0,"",12.0,"",4.7,"",.6,"","W",0,"9",.0,"9",11.3,"",.0,"9",.0,"9",.0,"9",.0,"9",.2,"",8.7,"",.0,"9",.0,"9",.0,"9",.0,"9",.0,"9",.0,"9",.0,"9",.0,"9",6.0,"",.0,"9",0,"",0,"","R",0,"9",0,"9",0,"8"
"350200570","KIELCE-SUKÓW","2014","08","26",13.6,"",6.8,"",11.0,"",6.1,"",5.5,"","W",0,"9",.0,"9",.0,"9",14.1,"",.0,"9",.0,"9",.0,"9",.0,"9",14.8,"",.0,"9",.0,"9",.0,"9",.0,"9",.0,"9",.0,"9",.0,"9",.0,"9",4.1,"",.0,"9",0,"",0,"","R",0,"9",0,"9",0,"8"
"350200570","KIELCE-SUKÓW","2014","08","27",16.3,"",10.2,"",13.0,"",9.9,"",3.7,"","W",0,"9",.0,"9",1.0,"",1.7,"",.0,"9",.0,"9",.0,"9",.0,"9",6.8,"",.0,"9",.0,"9",.0,"9",.0,"9",.0,"9",.0,"9",.0,"9",.0,"9",.0,"9",.0,"9",0,"",0,"","R",0,"9",0,"9",0,"8"
"350200570","KIELCE-SUKÓW","2014","08","28",20.3,"",9.6,"",14.0,"",8.2,"",.0,"9","",0,"9",.0,"9",12.5,"",1.1,"",.0,"9",.0,"9",.0,"9",.3,"",2.3,"",.0,"9",.0,"9",.0,"9",.0,"9",.0,"9",.0,"9",.0,"9",.0,"9",4.8,"",.0,"9",0,"",0,"","R",0,"9",0,"9",0,"8"
"350200570","KIELCE-SUKÓW","2014","08","29",22.5,"",4.6,"",14.2,"",4.3,"",.2,"","W",0,"9",.0,"9",11.1,"",.0,"9",.0,"9",.0,"9",.0,"9",2.7,"",7.0,"",.0,"9",.0,"9",.0,"9",.0,"9",.0,"9",.0,"9",.0,"9",.0,"9",6.0,"",.0,"9",0,"",0,"","R",0,"9",0,"9",0,"8"
"350200570","KIELCE-SUKÓW","2014","08","30",22.0,"",11.4,"",15.9,"",10.8,"",3.6,"","W",0,"9",.0,"9",4.6,"",2.6,"",.0,"9",.0,"9",.0,"9",.9,"",13.3,"",.0,"9",.0,"9",.0,"9",.0,"9",.0,"9",.0,"9",.0,"9",.0,"9",6.6,"",.0,"9",0,"",0,"","R",0,"9",0,"9",0,"8"
"350200570","KIELCE-SUKÓW","2014","08","31",22.5,"",11.2,"",16.3,"",10.6,"",.0,"9","",0,"9",.0,"9",4.2,"",.4,"",.0,"9",.0,"9",.0,"9",4.8,"",5.9,"",.0,"9",.0,"9",.0,"9",.0,"9",.0,"9",.0,"9",.0,"9",.0,"9",6.0,"",.0,"9",0,"",1,"","R",0,"9",0,"9",0,"8"
"350200570","KIELCE-SUKÓW","2014","09","01",19.3,"",13.9,"",16.3,"",13.6,"",.0,"","W",0,"9",.0,"9",.8,"",.1,"",.0,"9",.0,"9",.0,"9",.0,"9",19.8,"",.0,"9",.0,"9",.0,"9",.0,"9",.0,"9",.0,"9",.0,"9",.0,"9",9.0,"",.0,"9",0,"",0,"","R",0,"9",0,"9",0,"8"
"350200570","KIELCE-SUKÓW","2014","09","02",18.7,"",14.4,"",15.9,"",14.4,"",.0,"9","",0,"9",.0,"9",4.6,"",.0,"9",.0,"9",.0,"9",.0,"9",.0,"9",7.5,"",.0,"9",.0,"9",.0,"9",.0,"9",.0,"9",.0,"9",.0,"9",.0,"9",4.0,"",.0,"9",0,"",0,"","R",0,"9",0,"9",0,"8"
"350200570","KIELCE-SUKÓW","2014","09","03",19.4,"",11.5,"",15.2,"",11.0,"",.0,"9","",0,"9",.0,"9",4.9,"",.0,"9",.0,"9",.0,"9",.0,"9",.0,"9",4.2,"",.0,"9",.0,"9",.0,"9",.0,"9",.0,"9",.0,"9",.0,"9",.0,"9",9.0,"",.0,"9",0,"",0,"","R",0,"9",0,"9",0,"8"
"350200570","KIELCE-SUKÓW","2014","09","04",21.7,"",10.8,"",16.0,"",10.1,"",.0,"9","",0,"9",.0,"9",11.0,"",.0,"9",.0,"9",.0,"9",.0,"9",.0,"9",1.0,"",.0,"9",.0,"9",.0,"9",.0,"9",.0,"9",.0,"9",.0,"9",.0,"9",13.0,"",.0,"9",0,"",0,"","R",0,"9",0,"9",0,"8"
"350200570","KIELCE-SUKÓW","2014","09","05",21.5,"",10.2,"",15.7,"",9.3,"",.0,"9","",0,"9",.0,"9",11.7,"",.0,"9",.0,"9",.0,"9",.0,"9",.0,"9",.0,"9",.0,"9",.0,"9",.0,"9",.0,"9",.0,"9",.0,"9",.0,"9",.0,"9",12.0,"",.0,"9",0,"",0,"","R",0,"9",0,"9",0,"8"
"350200570","KIELCE-SUKÓW","2014","09","06",23.9,"",9.9,"",16.7,"",8.8,"",.0,"9","",0,"9",.0,"9",10.2,"",.0,"9",.0,"9",.0,"9",.0,"9",.0,"9",1.5,"",.0,"9",.0,"9",.0,"9",.0,"9",.0,"9",.0,"9",.0,"9",.0,"9",14.0,"",.0,"9",0,"",0,"","R",0,"9",0,"9",0,"8"
"350200570","KIELCE-SUKÓW","2014","09","07",25.5,"",10.5,"",17.8,"",9.4,"",.0,"","W",0,"9",.0,"9",7.5,"",.1,"",.0,"9",.0,"9",.0,"9",.0,"9",5.5,"",.0,"9",.0,"9",.0,"9",.0,"9",.0,"9",.0,"9",.0,"9",.0,"9",15.0,"",.0,"9",0,"",0,"","R",0,"9",0,"9",0,"8"
"350200570","KIELCE-SUKÓW","2014","09","08",25.9,"",9.9,"",17.7,"",9.3,"",2.7,"","W",0,"9",.0,"9",8.9,"",1.9,"",.0,"9",.0,"9",.0,"9",4.4,"",6.3,"",.0,"9",.0,"9",.0,"9",.0,"9",.0,"9",.0,"9",.0,"9",2.9,"",8.0,"",.0,"9",0,"",0,"","",0,"9",0,"9",0,"8"
"350200570","KIELCE-SUKÓW","2014","09","09",20.7,"",11.9,"",16.0,"",11.5,"",6.9,"","W",0,"9",.0,"9",.6,"",2.0,"",.0,"9",.0,"9",.0,"9",5.3,"",14.5,"",.0,"9",.0,"9",.0,"9",.0,"9",.0,"9",.0,"9",.0,"9",.0,"9",.0,"9",.0,"9",0,"",0,"","R",0,"9",0,"9",0,"8"
"350200570","KIELCE-SUKÓW","2014","09","10",20.5,"",12.1,"",15.2,"",11.5,"",.0,"9","",0,"9",.0,"9",5.9,"",.0,"9",.0,"9",.0,"9",.0,"9",.0,"9",12.2,"",.0,"9",.0,"9",.0,"9",.0,"9",.0,"9",.0,"9",.0,"9",.0,"9",5.0,"",.0,"9",0,"",0,"","R",0,"9",0,"9",0,"8"
"350200570","KIELCE-SUKÓW","2014","09","11",16.9,"",10.4,"",14.4,"",10.1,"",1.4,"","W",0,"9",.0,"9",.0,"9",4.5,"",.0,"9",.0,"9",.0,"9",.4,"",21.6,"",.0,"9",.0,"9",.0,"9",.0,"9",.0,"9",.0,"9",.0,"9",.0,"9",6.1,"",.0,"9",0,"",0,"","R",0,"9",0,"9",0,"8"
"350200570","KIELCE-SUKÓW","2014","09","12",24.8,"",14.2,"",19.0,"",13.3,"",.0,"9","",0,"9",.0,"9",9.3,"",.0,"9",.0,"9",.0,"9",.0,"9",.0,"9",5.8,"",.0,"9",.0,"9",.0,"9",.0,"9",.0,"9",.0,"9",.0,"9",.0,"9",6.0,"",.0,"9",0,"",0,"","R",0,"9",0,"9",0,"8"
"350200570","KIELCE-SUKÓW","2014","09","13",24.2,"",12.8,"",18.0,"",11.7,"",.0,"","W",0,"9",.0,"9",5.9,"",2.0,"",.0,"9",.0,"9",.0,"9",.8,"",12.3,"",.0,"9",.0,"9",.0,"9",.0,"9",.0,"9",.0,"9",.0,"9",.0,"9",10.1,"",.0,"9",0,"",0,"","R",0,"9",0,"9",0,"8"
"350200570","KIELCE-SUKÓW","2014","09","14",24.4,"",15.1,"",18.8,"",13.3,"",.0,"9","",0,"9",.0,"9",6.7,"",.0,"9",.0,"9",.0,"9",.0,"9",.0,"9",3.5,"",.0,"9",.0,"9",.0,"9",.0,"9",.0,"9",.0,"9",.0,"9",.0,"9",8.0,"",.0,"9",0,"",0,"","R",0,"9",0,"9",0,"8"
"350200570","KIELCE-SUKÓW","2014","09","15",23.4,"",13.7,"",17.9,"",12.0,"",.0,"9","",0,"9",.0,"9",9.6,"",.0,"9",.0,"9",.0,"9",.0,"9",.0,"9",.0,"9",.0,"9",.0,"9",.0,"9",.0,"9",.0,"9",.0,"9",.0,"9",.0,"9",6.0,"",.0,"9",0,"",0,"","R",0,"9",0,"9",0,"8"
"350200570","KIELCE-SUKÓW","2014","09","16",21.1,"",11.5,"",15.5,"",10.0,"",.0,"9","",0,"9",.0,"9",9.6,"",.0,"9",.0,"9",.0,"9",.0,"9",.0,"9",.0,"9",.0,"9",.0,"9",.0,"9",.0,"9",.0,"9",.0,"9",.0,"9",.0,"9",6.0,"",.0,"9",0,"",0,"","R",0,"9",0,"9",0,"8"
"350200570","KIELCE-SUKÓW","2014","09","17",20.5,"",8.7,"",13.7,"",6.9,"",.0,"9","",0,"9",.0,"9",10.2,"",.0,"9",.0,"9",.0,"9",.0,"9",.0,"9",3.6,"",.0,"9",.0,"9",.0,"9",.0,"9",.0,"9",.0,"9",.0,"9",.0,"9",14.0,"",.0,"9",0,"",0,"","R",0,"9",0,"9",0,"8"
"350200570","KIELCE-SUKÓW","2014","09","18",22.4,"",5.9,"",14.0,"",4.4,"",.0,"9","",0,"9",.0,"9",10.2,"",.0,"9",.0,"9",.0,"9",.0,"9",1.0,"",3.4,"",.0,"9",.0,"9",.0,"9",.0,"9",.0,"9",.0,"9",.0,"9",.0,"9",9.8,"",.0,"9",0,"",0,"","R",0,"9",0,"9",0,"8"
"350200570","KIELCE-SUKÓW","2014","09","19",22.3,"",9.1,"",15.6,"",8.0,"",4.0,"","W",0,"9",.0,"9",8.9,"",.0,"9",.0,"9",.0,"9",.0,"9",.0,"9",.0,"9",.0,"9",.0,"9",.0,"9",.0,"9",.0,"9",.0,"9",.0,"9",.0,"9",10.0,"",.0,"9",0,"",0,"","R",0,"9",0,"9",0,"8"
"350200570","KIELCE-SUKÓW","2014","09","20",17.4,"",10.2,"",13.3,"",9.2,"",2.6,"","W",0,"9",.0,"9",.0,"9",4.9,"",.0,"9",.0,"9",.0,"9",5.8,"",14.6,"",.0,"9",.0,"9",.0,"9",.0,"9",.0,"9",.0,"9",.0,"9",.0,"9",4.8,"",.0,"9",0,"",0,"","R",0,"9",0,"9",0,"8"
"350200570","KIELCE-SUKÓW","2014","09","21",18.4,"",11.5,"",14.3,"",11.1,"",6.9,"","W",0,"9",.0,"9",.5,"",4.0,"",.0,"9",.0,"9",.0,"9",13.2,"",10.8,"",.0,"9",.0,"9",.0,"9",.0,"9",.0,"9",.0,"9",.0,"9",.0,"9",.0,"9",.0,"9",0,"",0,"","R",0,"9",0,"9",0,"8"
"350200570","KIELCE-SUKÓW","2014","09","22",15.8,"",8.9,"",11.2,"",8.5,"",3.2,"","W",0,"9",.0,"9",1.6,"",8.0,"",.0,"9",.0,"9",.0,"9",1.0,"",12.0,"",.0,"9",.0,"9",.0,"9",.0,"9",.0,"9",.0,"9",.0,"9",.0,"9",6.0,"",.0,"9",0,"",0,"","R",0,"9",0,"9",0,"8"
"350200570","KIELCE-SUKÓW","2014","09","23",12.5,"",6.6,"",9.2,"",5.7,"",1.3,"","W",0,"9",.0,"9",2.3,"",4.6,"",.0,"9",.0,"9",.0,"9",.0,"9",7.2,"",.0,"9",.0,"9",.0,"9",.0,"9",.0,"9",.2,"",.0,"9",.0,"9",3.8,"",.0,"9",0,"",0,"","R",0,"9",0,"9",0,"8"
"350200570","KIELCE-SUKÓW","2014","09","24",13.5,"",.5,"",7.1,"",-.1,"",.0,"9","",0,"9",.0,"9",7.4,"",.0,"9",.0,"9",.0,"9",.0,"9",4.5,"",2.3,"",.0,"9",.0,"9",.0,"9",.0,"9",.0,"9",.0,"9",.0,"9",.0,"9",8.2,"",.0,"9",0,"",0,"","R",0,"9",0,"9",0,"8"
"350200570","KIELCE-SUKÓW","2014","09","25",16.0,"",4.2,"",10.3,"",6.5,"",.9,"","W",0,"9",.0,"9",1.5,"",2.6,"",.0,"9",.0,"9",.0,"9",.0,"9",7.3,"",.0,"9",.0,"9",.0,"9",.0,"9",.0,"9",.0,"9",.0,"9",.0,"9",9.0,"",.0,"9",0,"",0,"","",0,"9",0,"9",0,"8"
"350200570","KIELCE-SUKÓW","2014","09","26",14.9,"",8.2,"",10.1,"",7.0,"",.3,"","W",0,"9",.0,"9",4.7,"",1.5,"",.0,"9",.0,"9",.0,"9",4.6,"",6.0,"",.0,"9",.0,"9",.0,"9",.0,"9",.0,"9",.0,"9",.0,"9",.0,"9",.0,"9",.0,"9",0,"",0,"","",0,"9",0,"9",0,"8"
"350200570","KIELCE-SUKÓW","2014","09","27",16.4,"",4.2,"",9.9,"",4.0,"",.9,"","W",0,"9",.0,"9",4.3,"",4.3,"",.0,"9",.0,"9",.0,"9",7.7,"",5.7,"",.0,"9",.0,"9",.0,"9",.0,"9",.0,"9",.0,"9",.0,"9",.0,"9",7.0,"",.0,"9",0,"",0,"","R",0,"9",0,"9",0,"8"
"350200570","KIELCE-SUKÓW","2014","09","28",18.1,"",1.6,"",9.3,"",1.4,"",.0,"9","",0,"9",.0,"9",9.0,"",.0,"9",.0,"9",.0,"9",.0,"9",7.5,"",5.8,"",.0,"9",.0,"9",.0,"9",.0,"9",.0,"9",.0,"9",.0,"9",.0,"9",4.8,"",.0,"9",0,"",0,"","R",0,"9",0,"9",0,"8"
"350200570","KIELCE-SUKÓW","2014","09","29",21.0,"",2.1,"",10.8,"",1.4,"",.0,"9","",0,"9",.0,"9",7.3,"",.0,"9",.0,"9",.0,"9",.0,"9",11.7,"",2.7,"",.0,"9",.0,"9",.0,"9",.0,"9",.0,"9",.0,"9",.0,"9",.0,"9",.7,"",.0,"9",0,"",0,"","R",0,"9",0,"9",0,"8"
"350200570","KIELCE-SUKÓW","2014","09","30",21.1,"",5.5,"",13.3,"",4.7,"",2.4,"","W",0,"9",.0,"9",3.4,"",2.2,"",.0,"9",.0,"9",.0,"9",9.2,"",7.9,"",.0,"9",.0,"9",.0,"9",.0,"9",.0,"9",.0,"9",.0,"9",.0,"9",.0,"9",.0,"9",0,"",0,"","R",0,"9",0,"9",0,"8"
"350200570","KIELCE-SUKÓW","2014","10","01",16.2,"",13.4,"",13.8,"",13.0,"",3.3,"","W",0,"9",.0,"9",.0,"9",11.2,"",.0,"9",.0,"9",.0,"9",3.3,"",20.7,"",.0,"9",.0,"9",.0,"9",.0,"9",.0,"9",.0,"9",.0,"9",.0,"9",.0,"9",.0,"9",0,"",0,"","R",0,"9",0,"9",0,"8"
"350200570","KIELCE-SUKÓW","2014","10","02",15.6,"",10.7,"",11.7,"",9.2,"",.0,"","W",0,"9",.0,"9",.5,"",.3,"",.0,"9",.0,"9",.0,"9",.0,"9",8.3,"",.0,"9",.0,"9",.0,"9",.0,"9",.0,"9",.0,"9",.0,"9",.0,"9",7.0,"",.0,"9",0,"",0,"","R",0,"9",0,"9",0,"8"
"350200570","KIELCE-SUKÓW","2014","10","03",15.6,"",5.0,"",10.4,"",3.6,"",.0,"9","",0,"9",.0,"9",7.2,"",.0,"9",.0,"9",.0,"9",.0,"9",.0,"9",12.2,"",.0,"9",.0,"9",.0,"9",.0,"9",.0,"9",.0,"9",.0,"9",.0,"9",16.0,"",.0,"9",0,"",0,"","R",0,"9",0,"9",0,"8"
"350200570","KIELCE-SUKÓW","2014","10","04",15.3,"",2.9,"",8.5,"",.9,"",.0,"9","",0,"9",.0,"9",9.2,"",.0,"9",.0,"9",.0,"9",.0,"9",1.2,"",8.1,"",.0,"9",.0,"9",.0,"9",.0,"9",.0,"9",.0,"9",.0,"9",.0,"9",7.9,"",.0,"9",0,"",0,"","R",0,"9",0,"9",0,"8"
"350200570","KIELCE-SUKÓW","2014","10","05",15.6,"",1.5,"",8.1,"",-.9,"",.0,"9","",0,"9",.0,"9",9.2,"",.0,"9",.0,"9",.0,"9",.0,"9",.0,"9",10.6,"",.0,"9",.0,"9",.0,"9",.0,"9",.0,"9",.0,"9",.0,"9",.0,"9",12.0,"",1.0,"",0,"",0,"","R",0,"9",0,"9",0,"8"
"350200570","KIELCE-SUKÓW","2014","10","06",15.9,"",1.2,"",8.3,"",.2,"",.0,"9","",0,"9",.0,"9",9.2,"",.0,"9",.0,"9",.0,"9",.0,"9",1.9,"",13.0,"",.0,"9",.0,"9",.0,"9",.0,"9",.0,"9",.0,"9",.0,"9",.0,"9",11.8,"",.0,"9",0,"",0,"","R",0,"9",0,"9",0,"8"
"350200570","KIELCE-SUKÓW","2014","10","07",17.9,"",5.7,"",11.6,"",3.7,"",.0,"9","",0,"9",.0,"9",8.2,"",.0,"9",.0,"9",.0,"9",.0,"9",2.9,"",3.4,"",.0,"9",.0,"9",.0,"9",.0,"9",.0,"9",.0,"9",.0,"9",.0,"9",2.2,"",.0,"9",0,"",0,"","R",0,"9",0,"9",0,"8"
"350200570","KIELCE-SUKÓW","2014","10","08",18.6,"",8.3,"",12.6,"",6.7,"",.0,"9","",0,"9",.0,"9",2.7,"",.0,"9",.0,"9",.0,"9",.0,"9",.0,"9",.0,"9",.0,"9",.0,"9",.0,"9",.0,"9",.0,"9",.0,"9",.0,"9",.0,"9",14.0,"",.0,"9",0,"",0,"","R",0,"9",0,"9",0,"8"
"350200570","KIELCE-SUKÓW","2014","10","09",23.1,"",9.2,"",15.3,"",6.6,"",.0,"9","",0,"9",.0,"9",8.6,"",.0,"9",.0,"9",.0,"9",.0,"9",.3,"",7.7,"",.0,"9",.0,"9",.0,"9",.0,"9",.0,"9",.0,"9",.0,"9",.0,"9",10.1,"",.0,"9",0,"",0,"","R",0,"9",0,"9",0,"8"
"350200570","KIELCE-SUKÓW","2014","10","10",22.7,"",10.4,"",15.3,"",7.9,"",.1,"","W",0,"9",.0,"9",8.0,"",.0,"9",.0,"9",.0,"9",.0,"9",2.8,"",11.6,"",.0,"9",.0,"9",.0,"9",.0,"9",.0,"9",.0,"9",.0,"9",.0,"9",14.2,"",.0,"9",0,"",0,"","R",0,"9",0,"9",0,"8"
"350200570","KIELCE-SUKÓW","2014","10","11",22.3,"",7.4,"",14.9,"",6.4,"",.0,"9","",0,"9",.0,"9",8.1,"",.0,"9",.0,"9",.0,"9",.0,"9",8.1,"",8.7,"",.0,"9",.0,"9",.0,"9",.0,"9",.0,"9",.0,"9",.0,"9",.0,"9",5.7,"",.0,"9",0,"",0,"","R",0,"9",0,"9",0,"8"
"350200570","KIELCE-SUKÓW","2014","10","12",20.2,"",10.2,"",14.1,"",9.2,"",.0,"9","",0,"9",.0,"9",2.8,"",.0,"9",.0,"9",.0,"9",.0,"9",8.8,"",10.3,"",.0,"9",.0,"9",.0,"9",.0,"9",.0,"9",.0,"9",.0,"9",.0,"9",1.4,"",.0,"9",0,"",0,"","R",0,"9",0,"9",0,"8"
"350200570","KIELCE-SUKÓW","2014","10","13",20.9,"",9.2,"",14.8,"",7.1,"",.0,"9","",0,"9",.0,"9",5.1,"",.0,"9",.0,"9",.0,"9",.0,"9",5.0,"",15.0,"",.0,"9",.0,"9",.0,"9",.0,"9",.0,"9",.0,"9",.0,"9",.0,"9",8.0,"",.0,"9",0,"",0,"","R",0,"9",0,"9",0,"8"
"350200570","KIELCE-SUKÓW","2014","10","14",18.0,"",11.9,"",14.6,"",10.0,"",2.5,"","W",0,"9",.0,"9",.9,"",2.8,"",.0,"9",.0,"9",.0,"9",1.8,"",16.5,"",.0,"9",.0,"9",.0,"9",.0,"9",.0,"9",.0,"9",.0,"9",.0,"9",2.1,"",.0,"9",0,"",0,"","R",0,"9",0,"9",0,"8"
"350200570","KIELCE-SUKÓW","2014","10","15",17.1,"",7.8,"",11.2,"",7.5,"",.0,"","W",0,"9",.0,"9",1.5,"",.5,"",.0,"9",.0,"9",.0,"9",10.4,"",6.6,"",.0,"9",.0,"9",.0,"9",.0,"9",.0,"9",.0,"9",.0,"9",.0,"9",.6,"",.0,"9",0,"",0,"","R",0,"9",0,"9",0,"8"
"350200570","KIELCE-SUKÓW","2014","10","16",17.3,"",8.5,"",12.2,"",7.3,"",4.0,"","W",0,"9",.0,"9",2.2,"",8.5,"",.0,"9",.0,"9",.0,"9",9.7,"",10.2,"",.0,"9",.0,"9",.0,"9",.0,"9",.0,"9",.0,"9",.0,"9",.0,"9",.0,"9",.0,"9",0,"",0,"","R",0,"9",0,"9",0,"8"
"350200570","KIELCE-SUKÓW","2014","10","17",14.1,"",10.4,"",12.0,"",10.6,"",5.8,"","W",0,"9",.0,"9",.2,"",3.0,"",.0,"9",.0,"9",.0,"9",6.7,"",17.3,"",.0,"9",.0,"9",.0,"9",.0,"9",.0,"9",.0,"9",.0,"9",.0,"9",.0,"9",.0,"9",0,"",0,"","R",0,"9",0,"9",0,"8"
"350200570","KIELCE-SUKÓW","2014","10","18",13.6,"",9.4,"",10.7,"",8.7,"",.0,"9","",0,"9",.0,"9",1.7,"",.6,"",.0,"9",.0,"9",.0,"9",5.1,"",14.0,"",.0,"9",.0,"9",.0,"9",.0,"9",.0,"9",.0,"9",.0,"9",.0,"9",2.8,"",.0,"9",0,"",0,"","R",0,"9",0,"9",0,"8"
"350200570","KIELCE-SUKÓW","2014","10","19",17.9,"",5.4,"",10.8,"",4.4,"",2.0,"","W",0,"9",.0,"9",6.4,"",.0,"9",.0,"9",.0,"9",.0,"9",5.3,"",4.2,"",.0,"9",.0,"9",.0,"9",.0,"9",.0,"9",.0,"9",.0,"9",.0,"9",7.0,"",.0,"9",0,"",0,"","R",0,"9",0,"9",0,"8"
"350200570","KIELCE-SUKÓW","2014","10","20",17.5,"",9.2,"",13.5,"",6.9,"",1.7,"","W",0,"9",.0,"9",4.5,"",3.0,"",.0,"9",.0,"9",.0,"9",.0,"9",2.8,"",.0,"9",.0,"9",.0,"9",.0,"9",.0,"9",.0,"9",.0,"9",.0,"9",9.2,"",.0,"9",0,"",0,"","R",0,"9",0,"9",0,"8"
"350200570","KIELCE-SUKÓW","2014","10","21",14.7,"",9.6,"",11.1,"",8.0,"",.0,"","W",0,"9",.0,"9",1.5,"",.8,"",.0,"9",.0,"9",.0,"9",.0,"9",8.8,"",.0,"9",.0,"9",.0,"9",.0,"9",.0,"9",.0,"9",.0,"9",.0,"9",11.0,"",.0,"9",0,"",0,"","R",0,"9",0,"9",0,"8"
"350200570","KIELCE-SUKÓW","2014","10","22",10.4,"",7.9,"",9.5,"",6.9,"",16.7,"","W",0,"9",.0,"9",.0,"9",14.7,"",.0,"9",.0,"9",.0,"9",.0,"9",24.0,"",.0,"9",.0,"9",.0,"9",.0,"9",.0,"9",.0,"9",.0,"9",.0,"9",.1,"",.0,"9",0,"",0,"","R",0,"9",0,"9",0,"8"
"350200570","KIELCE-SUKÓW","2014","10","23",11.2,"",2.4,"",4.4,"",2.4,"",1.0,"","W",0,"9",.0,"9",.0,"9",15.3,"",.0,"9",.0,"9",.0,"9",.0,"9",14.7,"",.0,"9",.0,"9",.0,"9",.0,"9",.0,"9",.0,"9",.0,"9",.0,"9",.0,"9",.0,"9",0,"",0,"","R",0,"9",0,"9",0,"8"
"350200570","KIELCE-SUKÓW","2014","10","24",4.7,"",.1,"",1.4,"",.0,"",.0,"9","",0,"9",.0,"9",5.4,"",.0,"9",.0,"9",.0,"9",.0,"9",.0,"9",3.3,"",.0,"9",.0,"9",.0,"9",.0,"9",.0,"9",.0,"9",.0,"9",.0,"9",.0,"9",.0,"9",0,"",0,"","R",0,"9",0,"9",0,"8"
"350200570","KIELCE-SUKÓW","2014","10","25",5.7,"",-.8,"",1.1,"",-.9,"",.0,"9","",0,"9",.0,"9",2.4,"",.0,"9",.0,"9",.0,"9",.0,"9",.0,"9",7.3,"",.0,"9",.0,"9",.0,"9",.0,"9",.0,"9",.0,"9",.0,"9",.0,"9",3.0,"",4.0,"",0,"",0,"","Z",1,"",0,"9",0,"8"
"350200570","KIELCE-SUKÓW","2014","10","26",3.8,"",-2.0,"",.6,"",-2.6,"",.0,"9","",0,"9",.0,"9",.0,"9",.0,"9",.0,"9",.0,"9",.0,"9",21.1,"",2.9,"",.0,"9",.0,"9",.0,"9",.0,"9",.0,"9",.0,"9",.0,"9",.0,"9",.0,"9",.9,"",0,"",0,"","Z",1,"",0,"9",0,"8"
"350200570","KIELCE-SUKÓW","2014","10","27",4.6,"",-.5,"",1.7,"",.0,"",.1,"","W",0,"9",.0,"9",.0,"9",.0,"9",.0,"9",.0,"9",.0,"9",22.7,"",1.3,"",.0,"9",.0,"9",.0,"9",.0,"9",.0,"9",.0,"9",.0,"9",.0,"9",.0,"9",.0,"9",0,"",0,"","R",0,"9",0,"9",0,"8"
"350200570","KIELCE-SUKÓW","2014","10","28",6.0,"",-3.2,"",-.7,"",-3.2,"",.0,"9","",0,"9",.0,"9",4.1,"",.0,"9",.0,"9",.0,"9",.0,"9",14.7,"",6.9,"",3.8,"",.0,"9",.0,"9",.0,"9",.0,"9",.0,"9",.0,"9",.0,"9",.0,"9",2.0,"",0,"",0,"","Z",1,"",0,"9",0,"8"
"350200570","KIELCE-SUKÓW","2014","10","29",9.9,"",-5.9,"",-.3,"",-7.1,"",.0,"9","",0,"9",.0,"9",9.1,"",.0,"9",.0,"9",.0,"9",.0,"9",6.8,"",12.6,"",4.5,"",.0,"9",.0,"9",.0,"9",.0,"9",.0,"9",.0,"9",.0,"9",1.0,"",9.2,"",0,"",0,"","Z",1,"",0,"9",0,"8"
"350200570","KIELCE-SUKÓW","2014","10","30",9.8,"",-5.6,"",2.0,"",-6.5,"",.0,"9","",0,"9",.0,"9",8.1,"",.0,"9",.0,"9",.0,"9",.0,"9",.4,"",23.6,"",8.0,"",.0,"9",.0,"9",.0,"9",.0,"9",.0,"9",.0,"9",.0,"9",8.0,"",.0,"9",0,"",0,"","Z",1,"",0,"9",0,"8"
"350200570","KIELCE-SUKÓW","2014","10","31",8.1,"",.1,"",4.3,"",-1.9,"",.1,"","W",0,"9",.0,"9",1.9,"",1.0,"",.0,"9",.0,"9",.0,"9",5.3,"",12.8,"",3.2,"",.0,"9",.0,"9",.0,"9",.0,"9",.0,"9",.0,"9",.0,"9",4.0,"",.8,"",0,"",0,"","R",0,"9",0,"9",0,"8"
"350200570","KIELCE-SUKÓW","2014","11","01",10.8,"",-2.4,"",5.3,"",-3.1,"",.0,"","W",0,"9",.0,"9",4.1,"",.7,"",.0,"9",.0,"9",.0,"9",4.5,"",19.5,"",.3,"",.0,"9",.0,"9",.0,"9",.0,"9",.0,"9",.0,"9",.0,"9",.0,"9",.0,"9",0,"",0,"","R",0,"9",0,"9",0,"8"
"350200570","KIELCE-SUKÓW","2014","11","02",12.0,"",6.7,"",8.0,"",5.7,"",.1,"","W",0,"9",.0,"9",4.1,"",.0,"9",.0,"9",.0,"9",.0,"9",.0,"9",21.2,"",.0,"9",.0,"9",.0,"9",.0,"9",.0,"9",.0,"9",.0,"9",.0,"9",8.0,"",.0,"9",0,"",0,"","R",0,"9",0,"9",0,"8"
"350200570","KIELCE-SUKÓW","2014","11","03",14.3,"",2.3,"",6.9,"",.0,"",.0,"9","",0,"9",.0,"9",8.5,"",.0,"9",.0,"9",.0,"9",.0,"9",7.1,"",5.9,"",.0,"9",.0,"9",.0,"9",.0,"9",.0,"9",.0,"9",.0,"9",.0,"9",8.3,"",.0,"9",0,"",0,"","R",0,"9",0,"9",0,"8"
"350200570","KIELCE-SUKÓW","2014","11","04",14.3,"",3.1,"",8.0,"",1.1,"",.0,"9","",0,"9",.0,"9",8.2,"",.0,"9",.0,"9",.0,"9",.0,"9",.0,"9",9.5,"",.0,"9",.0,"9",.0,"9",.0,"9",.0,"9",.0,"9",.0,"9",.0,"9",10.0,"",4.0,"",0,"",0,"","R",0,"9",0,"9",0,"8"
"350200570","KIELCE-SUKÓW","2014","11","05",17.6,"",7.3,"",11.5,"",4.1,"",.0,"9","",0,"9",.0,"9",8.8,"",.0,"9",.0,"9",.0,"9",.0,"9",.0,"9",.0,"9",.0,"9",.0,"9",.0,"9",.0,"9",.0,"9",.0,"9",.0,"9",.0,"9",6.0,"",.0,"9",0,"",0,"","R",0,"9",0,"9",0,"8"
"350200570","KIELCE-SUKÓW","2014","11","06",18.1,"",9.6,"",12.5,"",8.4,"",.2,"","W",0,"9",.0,"9",1.9,"",.7,"",.0,"9",.0,"9",.0,"9",.0,"9",6.7,"",.0,"9",.0,"9",.0,"9",.0,"9",.0,"9",.0,"9",.0,"9",.0,"9",5.8,"",.0,"9",0,"",0,"","R",0,"9",0,"9",0,"8"
"350200570","KIELCE-SUKÓW","2014","11","07",16.0,"",10.4,"",12.8,"",9.4,"",9.6,"","W",0,"9",.0,"9",.0,"9",3.7,"",.0,"9",.0,"9",.0,"9",.0,"9",9.7,"",.0,"9",.0,"9",.0,"9",.0,"9",.0,"9",.0,"9",.0,"9",.0,"9",.0,"9",.0,"9",0,"",0,"","R",0,"9",0,"9",0,"8"
"350200570","KIELCE-SUKÓW","2014","11","08",13.5,"",7.7,"",10.7,"",7.3,"",7.4,"","W",0,"9",.0,"9",.0,"9",23.0,"",.0,"9",.0,"9",.0,"9",.9,"",23.1,"",.0,"9",.0,"9",.0,"9",.0,"9",.0,"9",.0,"9",.0,"9",.0,"9",.0,"9",.0,"9",0,"",0,"","R",0,"9",0,"9",0,"8"
"350200570","KIELCE-SUKÓW","2014","11","09",12.1,"",7.5,"",10.3,"",7.3,"",.1,"","W",0,"9",.0,"9",.0,"9",2.1,"",.0,"9",.0,"9",.0,"9",.0,"9",24.0,"",.0,"9",.0,"9",.0,"9",.0,"9",.0,"9",.0,"9",.0,"9",.0,"9",.0,"9",.0,"9",0,"",0,"","R",0,"9",0,"9",0,"8"
"350200570","KIELCE-SUKÓW","2014","11","10",15.0,"",10.2,"",11.4,"",8.6,"",.0,"9","",0,"9",.0,"9",5.5,"",.0,"9",.0,"9",.0,"9",.0,"9",1.3,"",16.5,"",.0,"9",.0,"9",.0,"9",.0,"9",.0,"9",.0,"9",.0,"9",.0,"9",6.7,"",.0,"9",0,"",0,"","R",0,"9",0,"9",0,"8"
"350200570","KIELCE-SUKÓW","2014","11","11",15.5,"",5.1,"",10.1,"",3.1,"",.0,"9","",0,"9",.0,"9",7.7,"",.0,"9",.0,"9",.0,"9",.0,"9",5.2,"",13.4,"",.0,"9",.0,"9",.0,"9",.0,"9",.0,"9",.0,"9",.0,"9",.0,"9",9.0,"",.0,"9",0,"",0,"","R",0,"9",0,"9",0,"8"
"350200570","KIELCE-SUKÓW","2014","11","12",10.9,"",6.9,"",8.4,"",6.4,"",.0,"9","",0,"9",.0,"9",1.7,"",.0,"9",.0,"9",.0,"9",.0,"9",.0,"9",16.5,"",.0,"9",.0,"9",.0,"9",.0,"9",.0,"9",.0,"9",.0,"9",.0,"9",19.0,"",.0,"9",0,"",0,"","R",0,"9",0,"9",0,"8"
"350200570","KIELCE-SUKÓW","2014","11","13",9.1,"",3.0,"",7.1,"",1.6,"",.0,"9","",0,"9",.0,"9",.0,"9",.0,"9",.0,"9",.0,"9",.0,"9",4.1,"",19.9,"",.0,"9",.0,"9",.0,"9",.0,"9",.0,"9",.0,"9",.0,"9",.0,"9",3.3,"",.0,"9",0,"",0,"","R",0,"9",0,"9",0,"8"
"350200570","KIELCE-SUKÓW","2014","11","14",8.9,"",6.8,"",7.4,"",6.7,"",.0,"","W",0,"9",.0,"9",.0,"9",13.7,"",.0,"9",.0,"9",.0,"9",1.1,"",22.9,"",.0,"9",.0,"9",.0,"9",.0,"9",.0,"9",.0,"9",.0,"9",.0,"9",.0,"9",.0,"9",0,"",0,"","R",0,"9",0,"9",0,"8"
"350200570","KIELCE-SUKÓW","2014","11","15",6.9,"",5.0,"",5.8,"",5.1,"",.0,"","W",0,"9",.0,"9",.0,"9",9.3,"",.0,"9",.0,"9",.0,"9",5.8,"",18.2,"",.0,"9",.0,"9",.0,"9",.0,"9",.0,"9",.0,"9",.0,"9",.0,"9",.0,"9",.0,"9",0,"",0,"","R",0,"9",0,"9",0,"8"
"350200570","KIELCE-SUKÓW","2014","11","16",7.2,"",4.1,"",4.9,"",3.9,"",.4,"","W",0,"9",.0,"9",.1,"",1.8,"",.0,"9",.0,"9",.0,"9",.0,"9",24.0,"",.0,"9",.0,"9",.0,"9",.0,"9",.0,"9",.0,"9",.0,"9",.0,"9",.0,"9",.0,"9",0,"",0,"","R",0,"9",0,"9",0,"8"
"350200570","KIELCE-SUKÓW","2014","11","17",5.7,"",3.8,"",4.9,"",3.7,"",.3,"","W",0,"9",.0,"9",.0,"9",3.6,"",.0,"9",.0,"9",.0,"9",.0,"9",24.0,"",.0,"9",.0,"9",.0,"9",.0,"9",.0,"9",.0,"9",.0,"9",.0,"9",.0,"9",.0,"9",0,"",0,"","R",0,"9",0,"9",0,"8"
"350200570","KIELCE-SUKÓW","2014","11","18",4.8,"",2.7,"",3.7,"",2.5,"",2.6,"","W",0,"9",.0,"9",.0,"9",5.0,"",.0,"9",.0,"9",.0,"9",.0,"9",22.4,"",.0,"9",.0,"9",.0,"9",.0,"9",.0,"9",.0,"9",.0,"9",.0,"9",.0,"9",.0,"9",0,"",0,"","R",0,"9",0,"9",0,"8"
"350200570","KIELCE-SUKÓW","2014","11","19",4.9,"",2.4,"",3.5,"",2.5,"",.0,"","W",0,"9",.0,"9",.0,"9",4.9,"",.0,"9",.0,"9",.0,"9",.0,"9",24.0,"",.0,"9",.0,"9",.0,"9",.0,"9",.0,"9",.0,"9",.0,"9",.0,"9",.0,"9",.0,"9",0,"",0,"","R",0,"9",0,"9",0,"8"
"350200570","KIELCE-SUKÓW","2014","11","20",2.4,"",1.0,"",1.5,"",1.1,"",.0,"","S",0,"9",.0,"9",.0,"9",16.3,"",.0,"9",.3,"",.0,"9",.0,"9",24.0,"",.0,"9",.0,"9",.0,"9",.0,"9",.0,"9",.0,"9",.0,"9",.0,"9",.0,"9",.0,"9",0,"",0,"","R",0,"9",0,"9",0,"8"
"350200570","KIELCE-SUKÓW","2014","11","21",2.7,"",.9,"",1.7,"",1.0,"",.0,"","W",0,"9",.0,"9",.0,"9",6.9,"",.0,"9",.0,"9",.0,"9",.0,"9",24.0,"",.0,"9",.0,"9",.0,"9",.0,"9",.0,"9",.0,"9",.0,"9",.0,"9",.0,"9",.0,"9",0,"",0,"","R",0,"9",0,"9",0,"8"
"350200570","KIELCE-SUKÓW","2014","11","22",2.9,"",1.7,"",2.3,"",1.8,"",.0,"","W",0,"9",.0,"9",.0,"9",4.9,"",.0,"9",.0,"9",.0,"9",.0,"9",24.0,"",.0,"9",.0,"9",.0,"9",.0,"9",.0,"9",.0,"9",.0,"9",.0,"9",.0,"9",.0,"9",0,"",0,"","R",0,"9",0,"9",0,"8"
"350200570","KIELCE-SUKÓW","2014","11","23",5.5,"",.2,"",1.8,"",-.6,"",.0,"9","",0,"9",.0,"9",6.5,"",.0,"9",.0,"9",.0,"9",.0,"9",.2,"",9.5,"",.0,"9",.0,"9",.0,"9",.0,"9",.0,"9",.0,"9",.0,"9",.0,"9",.0,"9",3.0,"",0,"",0,"","R",0,"9",0,"9",0,"8"
"350200570","KIELCE-SUKÓW","2014","11","24",3.2,"",-1.9,"",.0,"",-2.4,"",6.9,"","S",0,"9",.0,"9",7.2,"",.3,"",1.5,"",1.0,"",.0,"9",.0,"9",11.0,"",.0,"9",1.5,"",.0,"9",.0,"9",.0,"9",.0,"9",.0,"9",.0,"9",.0,"9",13.3,"",0,"",0,"","Z",1,"",0,"9",0,"8"
"350200570","KIELCE-SUKÓW","2014","11","25",3.2,"",-.9,"",1.4,"",-1.7,"",.6,"","W",2,"",.0,"9",.0,"9",8.3,"",.0,"9",.2,"",.0,"9",21.2,"",2.8,"",.0,"9",.0,"9",.0,"9",.0,"9",.0,"9",.0,"9",.0,"9",.0,"9",.0,"9",.0,"9",1,"",0,"","",0,"9",0,"9",0,"8"
"350200570","KIELCE-SUKÓW","2014","11","26",4.5,"",-1.7,"",1.5,"",-2.4,"",.0,"","S",0,"9",.0,"9",.3,"",1.8,"",.0,"9",.3,"",.0,"9",15.1,"",8.9,"",3.3,"",.0,"9",.0,"9",.0,"9",.0,"9",.0,"9",.0,"9",.0,"9",.0,"9",.0,"9",0,"",0,"","R",0,"9",0,"9",0,"8"
"350200570","KIELCE-SUKÓW","2014","11","27",1.2,"",-1.2,"",-.5,"",-1.1,"",.0,"9","",0,"9",.0,"9",.1,"",.0,"9",.0,"9",1.5,"",.0,"9",.0,"9",24.0,"",.0,"9",.0,"9",.0,"9",.0,"9",.0,"9",.0,"9",.0,"9",.0,"9",.0,"9",.0,"9",0,"",0,"","R",0,"9",0,"9",0,"8"
"350200570","KIELCE-SUKÓW","2014","11","28",-.6,"",-5.0,"",-3.7,"",-5.2,"",.0,"","S",0,"9",.0,"9",.0,"9",.0,"9",2.3,"",.0,"9",.0,"9",.0,"9",20.7,"",.0,"9",.0,"9",.0,"9",.0,"9",.0,"9",.0,"9",.0,"9",.0,"9",.0,"9",16.0,"",0,"",0,"","Z",1,"",0,"9",0,"8"
"350200570","KIELCE-SUKÓW","2014","11","29",-1.6,"",-6.1,"",-3.9,"",-6.5,"",.0,"","S",0,"9",.0,"9",3.7,"",.0,"9",.0,"9",.0,"9",.0,"9",.0,"9",12.2,"",.0,"9",.0,"9",.0,"9",.0,"9",.0,"9",.0,"9",.0,"9",.0,"9",.0,"9",17.0,"",0,"",0,"","Z",8,"",0,"9",0,"8"
"350200570","KIELCE-SUKÓW","2014","11","30",-3.9,"",-6.1,"",-5.1,"",-6.4,"",.0,"","S",0,"9",.0,"9",.0,"9",.0,"9",10.6,"",.0,"9",.0,"9",.0,"9",24.0,"",.0,"9",.0,"9",.0,"9",.0,"9",.0,"9",.0,"9",.0,"9",.0,"9",.0,"9",4.3,"",0,"",0,"","Z",9,"",0,"9",0,"8"
"350200570","KIELCE-SUKÓW","2014","12","01",-3.3,"",-6.1,"",-4.3,"",-5.9,"",.0,"9","",0,"9",.0,"9",.0,"9",.0,"9",5.5,"",.0,"9",.0,"9",.0,"9",8.1,"",.0,"9",.0,"9",.0,"9",.0,"9",.0,"9",.0,"9",.0,"9",.0,"9",.0,"9",.0,"9",0,"",0,"","Z",11,"",0,"9",0,"8"
"350200570","KIELCE-SUKÓW","2014","12","02",-1.1,"",-4.1,"",-2.8,"",-4.0,"",.0,"","S",0,"9",.0,"9",.0,"9",.0,"9",1.6,"",.0,"9",.0,"9",.0,"9",5.5,"",.0,"9",.0,"9",.0,"9",.0,"9",.0,"9",.0,"9",.0,"9",.0,"9",.0,"9",.0,"9",0,"",0,"","Z",12,"",0,"9",0,"8"
"350200570","KIELCE-SUKÓW","2014","12","03",2.7,"",-1.4,"",-.1,"",-1.3,"",.0,"9","",0,"9",.0,"9",1.5,"",.0,"9",.0,"9",.0,"9",.0,"9",.0,"9",9.5,"",.0,"9",.0,"9",.0,"9",.0,"9",.0,"9",.0,"9",.0,"9",.0,"9",.0,"9",5.0,"",0,"",0,"","R",10,"",4,"",0,"8"
"350200570","KIELCE-SUKÓW","2014","12","04",6.0,"",-3.3,"",-.1,"",-4.6,"",.0,"9","",0,"9",.0,"9",7.4,"",.0,"9",.0,"9",.0,"9",.0,"9",.0,"9",20.8,"",.0,"9",.0,"9",.0,"9",.0,"9",.0,"9",.0,"9",.0,"9",.0,"9",.0,"9",17.0,"",0,"",0,"","Z",9,"",0,"9",0,"8"
"350200570","KIELCE-SUKÓW","2014","12","05",-2.3,"",-3.5,"",-2.9,"",-3.4,"",.0,"9","",0,"9",.0,"9",.0,"9",.0,"9",.0,"9",.0,"9",.0,"9",6.8,"",17.2,"",9.9,"",.0,"9",.0,"9",.0,"9",.0,"9",.0,"9",.0,"9",.0,"9",.0,"9",9.4,"",0,"",0,"","Z",9,"",0,"9",0,"8"
"350200570","KIELCE-SUKÓW","2014","12","06",.6,"",-2.9,"",-1.3,"",-2.8,"",.0,"9","",0,"9",.0,"9",.0,"9",.0,"9",.0,"9",.0,"9",.0,"9",9.1,"",14.9,"",13.5,"",.0,"9",.0,"9",.0,"9",.0,"9",.0,"9",.0,"9",.0,"9",.0,"9",.0,"9",0,"",0,"","Z",9,"",0,"9",0,"8"
"350200570","KIELCE-SUKÓW","2014","12","07",2.1,"",-1.0,"",.2,"",-.8,"",.0,"","S",0,"9",.0,"9",.0,"9",.0,"9",1.8,"",.0,"9",.0,"9",4.2,"",19.8,"",.0,"9",.0,"9",.0,"9",.0,"9",.0,"9",.0,"9",.0,"9",.0,"9",.0,"9",.0,"9",0,"",0,"","Z",7,"",0,"9",0,"8"
"350200570","KIELCE-SUKÓW","2014","12","08",2.1,"",-.7,"",.3,"",-.6,"",.4,"","S",0,"9",.0,"9",.0,"9",6.5,"",4.7,"",.3,"",.3,"",3.9,"",20.1,"",.0,"9",2.8,"",.0,"9",.0,"9",.0,"9",.0,"9",.0,"9",.0,"9",.0,"9",.0,"9",0,"",0,"","Z",6,"",0,"9",0,"8"
"350200570","KIELCE-SUKÓW","2014","12","09",3.3,"",-2.7,"",-.4,"",-4.4,"",.0,"9","",0,"9",.0,"9",1.8,"",.0,"9",.0,"9",.0,"9",.0,"9",3.4,"",15.3,"",4.1,"",.0,"9",.0,"9",.0,"9",.0,"9",.0,"9",.0,"9",.0,"9",.0,"9",4.9,"",0,"",0,"","Z",1,"",0,"9",0,"8"
"350200570","KIELCE-SUKÓW","2014","12","10",1.1,"",-7.5,"",-3.7,"",-7.8,"",.0,"","S",0,"9",.0,"9",5.0,"",.0,"9",2.6,"",.0,"9",.0,"9",14.3,"",5.8,"",18.5,"",.0,"9",.0,"9",.0,"9",.0,"9",.0,"9",.0,"9",.0,"9",.0,"9",2.8,"",0,"",0,"","Z",8,"",0,"9",0,"8"
"350200570","KIELCE-SUKÓW","2014","12","11",1.4,"",-2.8,"",-.5,"",-2.9,"",1.2,"","W",0,"9",.0,"9",.1,"",.0,"9",.0,"9",.0,"9",.0,"9",.0,"9",20.8,"",10.5,"",.0,"9",.0,"9",.0,"9",.0,"9",.0,"9",.0,"9",.0,"9",.0,"9",5.0,"",0,"",0,"","Z",8,"",0,"9",0,"8"
"350200570","KIELCE-SUKÓW","2014","12","12",6.4,"",-.6,"",3.5,"",-1.1,"",.0,"9","",0,"9",.0,"9",2.3,"",1.6,"",.0,"9",.0,"9",.0,"9",.0,"9",1.6,"",.0,"9",.0,"9",.0,"9",.0,"9",.0,"9",.0,"9",.0,"9",.0,"9",.0,"9",2.0,"",0,"",0,"","Z",6,"",0,"9",0,"8"
"350200570","KIELCE-SUKÓW","2014","12","13",9.8,"",2.9,"",6.5,"",1.4,"",.0,"","W",0,"9",.0,"9",.1,"",.0,"9",.0,"9",.0,"9",.0,"9",.0,"9",5.5,"",.0,"9",.0,"9",.0,"9",.0,"9",.0,"9",.0,"9",.0,"9",.0,"9",5.0,"",.0,"9",0,"",0,"","R",0,"9",0,"9",0,"8"
"350200570","KIELCE-SUKÓW","2014","12","14",6.1,"",.0,"",3.2,"",-1.3,"",.6,"","W",0,"9",.0,"9",.0,"9",11.2,"",.0,"9",.0,"9",.0,"9",.0,"9",17.4,"",.0,"9",.0,"9",.0,"9",.0,"9",.0,"9",.0,"9",.0,"9",.0,"9",3.8,"",.0,"9",0,"",0,"","Z",1,"",0,"9",0,"8"
"350200570","KIELCE-SUKÓW","2014","12","15",6.5,"",2.7,"",4.5,"",1.3,"",.8,"","W",0,"9",.0,"9",.0,"9",4.9,"",.0,"9",.0,"9",.0,"9",2.4,"",16.4,"",.0,"9",.0,"9",.0,"9",.0,"9",.0,"9",.0,"9",.0,"9",.0,"9",.0,"9",.0,"9",0,"",0,"","R",0,"9",0,"9",0,"8"
"350200570","KIELCE-SUKÓW","2014","12","16",6.1,"",2.8,"",4.8,"",2.4,"",5.7,"","W",0,"9",.0,"9",.0,"9",9.2,"",.0,"9",.0,"9",.0,"9",15.1,"",8.9,"",.0,"9",.0,"9",.0,"9",.0,"9",.0,"9",.0,"9",.0,"9",.0,"9",.0,"9",.0,"9",0,"",0,"","R",0,"9",0,"9",0,"8"
"350200570","KIELCE-SUKÓW","2014","12","17",5.4,"",-1.1,"",2.3,"",-1.4,"",.0,"","W",0,"9",.0,"9",3.1,"",4.3,"",.0,"9",.0,"9",.0,"9",.0,"9",16.1,"",.0,"9",.0,"9",.0,"9",.0,"9",.0,"9",.0,"9",.0,"9",.0,"9",.0,"9",7.8,"",0,"",0,"","R",0,"9",0,"9",0,"8"
"350200570","KIELCE-SUKÓW","2014","12","18",6.1,"",-1.4,"",3.6,"",-2.3,"",2.4,"","W",0,"9",.0,"9",.0,"9",5.1,"",.0,"9",.0,"9",.0,"9",.0,"9",17.3,"",.0,"9",.0,"9",.0,"9",.0,"9",.0,"9",.0,"9",.0,"9",.0,"9",.0,"9",.0,"9",0,"",0,"","R",0,"9",0,"9",0,"8"
"350200570","KIELCE-SUKÓW","2014","12","19",10.8,"",4.7,"",9.0,"",3.3,"",6.0,"","W",0,"9",.0,"9",.0,"9",19.1,"",.0,"9",.0,"9",.0,"9",.0,"9",15.7,"",.0,"9",.0,"9",.0,"9",.0,"9",.0,"9",.0,"9",.0,"9",.0,"9",.0,"9",.0,"9",0,"",0,"","R",0,"9",0,"9",0,"8"
"350200570","KIELCE-SUKÓW","2014","12","20",10.0,"",2.8,"",4.8,"",1.8,"",.8,"","S",0,"9",.0,"9",3.4,"",6.9,"",.0,"9",.0,"9",.0,"9",.0,"9",.0,"9",.0,"9",.0,"9",.0,"9",.0,"9",.0,"9",.0,"9",.0,"9",.0,"9",.0,"9",.0,"9",0,"",0,"","R",0,"9",0,"9",0,"8"
"350200570","KIELCE-SUKÓW","2014","12","21",3.9,"",.7,"",2.9,"",.0,"",5.4,"","S",0,"9",.0,"9",1.1,"",4.9,"",.4,"",.2,"",.1,"",.0,"9",.0,"9",.0,"9",.0,"9",.0,"9",.0,"9",.0,"9",.0,"9",.0,"9",.0,"9",.0,"9",.0,"9",0,"",0,"","R",0,"9",0,"9",0,"8"
"350200570","KIELCE-SUKÓW","2014","12","22",6.6,"",2.0,"",4.9,"",1.7,"",10.0,"","W",0,"9",.0,"9",.0,"9",20.4,"",.0,"9",.0,"9",.0,"9",.0,"9",19.8,"",.0,"9",.0,"9",.0,"9",.0,"9",.0,"9",.0,"9",.0,"9",.0,"9",.0,"9",.0,"9",0,"",0,"","R",0,"9",0,"9",0,"8"
"350200570","KIELCE-SUKÓW","2014","12","23",9.8,"",6.5,"",8.9,"",6.1,"",1.0,"","W",0,"9",.0,"9",.0,"9",8.6,"",.0,"9",.0,"9",.0,"9",.0,"9",2.8,"",.0,"9",.0,"9",.0,"9",.0,"9",.0,"9",.0,"9",.0,"9",.0,"9",.0,"9",.0,"9",0,"",0,"","R",0,"9",0,"9",0,"8"
"350200570","KIELCE-SUKÓW","2014","12","24",9.8,"",5.7,"",7.6,"",5.4,"",1.0,"","S",0,"9",.0,"9",.2,"",11.9,"",.0,"9",.0,"9",.0,"9",.0,"9",.0,"9",.0,"9",.0,"9",.0,"9",.0,"9",.0,"9",.0,"9",.0,"9",.0,"9",.0,"9",.0,"9",0,"",0,"","R",0,"9",0,"9",0,"8"
"350200570","KIELCE-SUKÓW","2014","12","25",6.0,"",2.6,"",3.9,"",1.8,"",.2,"","S",0,"9",.0,"9",2.3,"",4.5,"",.1,"",1.7,"",.2,"",.0,"9",.0,"9",.0,"9",.0,"9",.0,"9",.0,"9",.0,"9",.0,"9",.0,"9",.0,"9",.0,"9",.0,"9",0,"",0,"","R",0,"9",0,"9",0,"8"
"350200570","KIELCE-SUKÓW","2014","12","26",3.4,"",-4.5,"",-1.6,"",-4.4,"",1.7,"","S",0,"",.0,"9",.0,"9",.0,"9",15.8,"",.3,"",.0,"9",.0,"9",8.6,"",.0,"9",.0,"9",.0,"9",.0,"9",.0,"9",.0,"9",.0,"9",.0,"9",.0,"9",.0,"9",0,"",0,"","R",0,"9",0,"9",0,"8"
"350200570","KIELCE-SUKÓW","2014","12","27",-4.5,"",-8.6,"",-7.3,"",-8.4,"",.0,"","S",3,"",.0,"9",.0,"9",.0,"9",13.2,"",.2,"",.0,"9",.0,"9",5.5,"",.0,"9",.2,"",.0,"9",.0,"9",.0,"9",.0,"9",.0,"9",.0,"9",.0,"9",.0,"9",1,"",0,"","Z",1,"",0,"9",0,"8"
"350200570","KIELCE-SUKÓW","2014","12","28",-5.9,"",-9.2,"",-7.3,"",-9.6,"",.0,"","S",2,"",.0,"9",.0,"9",.0,"9",18.1,"",.3,"",.0,"9",.0,"9",20.5,"",.0,"9",6.8,"",.0,"9",.0,"9",.0,"9",.0,"9",.0,"9",.0,"9",.0,"9",.0,"9",1,"",0,"","Z",7,"",0,"9",0,"8"
"350200570","KIELCE-SUKÓW","2014","12","29",-4.7,"",-10.3,"",-6.5,"",-11.3,"",.1,"","S",2,"",.0,"9",.0,"9",.0,"9",22.5,"",.0,"9",.0,"9",.0,"9",15.5,"",.0,"9",.0,"9",.0,"9",.0,"9",.0,"9",.0,"9",.0,"9",.0,"9",.0,"9",.0,"9",1,"",0,"","Z",9,"",0,"9",0,"8"
"350200570","KIELCE-SUKÓW","2014","12","30",-7.3,"",-13.3,"",-10.1,"",-14.7,"",.0,"","S",3,"",.0,"9",4.2,"",.0,"9",10.3,"",.0,"9",.0,"9",.0,"9",8.3,"",.0,"9",.0,"9",.0,"9",.0,"9",.0,"9",.0,"9",.0,"9",.0,"9",.0,"9",9.0,"",1,"",0,"","Z",11,"",0,"9",0,"8"
"350200570","KIELCE-SUKÓW","2014","12","31",-3.1,"",-15.7,"",-7.2,"",-16.1,"",.1,"","S",2,"",.0,"9",5.0,"",1.3,"",1.8,"",.0,"9",.0,"9",.0,"9",19.8,"",.0,"9",1.3,"",.0,"9",.0,"9",.0,"9",.0,"9",.0,"9",.0,"9",.0,"9",10.0,"",1,"",0,"","Z",15,"",0,"9",0,"8"
